0,0,1,-1,0,0,0,-1,0,323.6,-335.6,237,0
0,0,1,-1,0,0,0,-1,0,323.6,-335.6,236.99,0
0,0,1,-1,0,0,0,-1,0,323.62,-335.6,236.97,0
0,0,1,-1,0,0,0,-1,0,323.64,-335.59,236.94,0
0,0,1,-1,0,0,0,-1,0,323.67,-335.58,236.89,0
0,0,1,-1,0,0,0,-1,0,323.7,-335.57,236.83,0
0,0,1,-1,0,0,0,-1,0,323.75,-335.56,236.75,0
0,0,1,-1,0,0,0,-1,0,323.8,-335.54,236.67,0
0,0,1,-1,0,0,0,-1,0,323.86,-335.53,236.57,0
0,0,1,-1,0,0,0,-1,0,323.93,-335.51,236.45,0
0,0,1,-1,0,0,0,-1,0,324.01,-335.48,236.33,0
0,0,1,-1,0,0,0,-1,0,324.1,-335.46,236.19,0
0,0,1,-1,0,0,0,-1,0,324.19,-335.43,236.03,0
0,0,1,-1,0,0,0,-1,0,324.29,-335.41,235.87,0
0,0,1,-1,0,0,0,-1,0,324.4,-335.37,235.69,0
0,0,1,-1,0,0,0,-1,0,324.52,-335.34,235.5,0
0,0,1,-1,0,0,0,-1,0,324.64,-335.31,235.3,0
0,0,1,-1,0,0,0,-1,0,324.77,-335.27,235.08,0
0,0,1,-1,0,0,0,-1,0,324.91,-335.23,234.85,0
0,0,1,-1,0,0,0,-1,0,325.06,-335.19,234.61,0
0,0,1,-1,0,0,0,-1,0,325.21,-335.15,234.36,0
0,0,1,-1,0,0,0,-1,0,325.37,-335.1,234.1,0
0,0,1,-1,0,0,0,-1,0,325.54,-335.05,233.82,0
0,0,1,-1,0,0,0,-1,0,325.71,-335,233.54,0
0,0,1,-1,0,0,0,-1,0,325.9,-334.95,233.24,0
0,0,1,-1,0,0,0,-1,0,326.09,-334.9,232.93,0
0,0,1,-1,0,0,0,-1,0,326.28,-334.84,232.61,0
0,0,1,-1,0,0,0,-1,0,326.49,-334.79,232.27,0
0,0,1,-1,0,0,0,-1,0,326.7,-334.73,231.93,0
0,0,1,-1,0,0,0,-1,0,326.92,-334.67,231.57,0
0,0,1,-1,0,0,0,-1,0,327.14,-334.6,231.2,0
0,0,1,-1,0,0,0,-1,0,327.37,-334.54,230.83,0
0,0,1,-1,0,0,0,-1,0,327.61,-334.47,230.44,0
0,0,1,-1,0,0,0,-1,0,327.85,-334.4,230.04,0
0,0,1,-1,0,0,0,-1,0,328.1,-334.33,229.63,0
0,0,1,-1,0,0,0,-1,0,328.36,-334.26,229.2,0
0,0,1,-1,0,0,0,-1,0,328.62,-334.19,228.77,0
0,0,1,-1,0,0,0,-1,0,328.89,-334.11,228.33,0
0,0,1,-1,0,0,0,-1,0,329.17,-334.03,227.88,0
0,0,1,-1,0,0,0,-1,0,329.45,-333.95,227.41,0
0,0,1,-1,0,0,0,-1,0,329.74,-333.87,226.94,0
0,0,1,-1,0,0,0,-1,0,330.04,-333.79,226.46,0
0,0,1,-1,0,0,0,-1,0,330.34,-333.7,225.96,0
0,0,1,-1,0,0,0,-1,0,330.65,-333.62,225.46,0
0,0,1,-1,0,0,0,-1,0,330.96,-333.53,224.95,0
0,0,1,-1,0,0,0,-1,0,331.28,-333.44,224.42,0
0,0,1,-1,0,0,0,-1,0,331.6,-333.35,223.89,0
0,0,1,-1,0,0,0,-1,0,331.94,-333.25,223.35,0
0,0,1,-1,0,0,0,-1,0,332.27,-333.16,222.8,0
0,0,1,-1,0,0,0,-1,0,332.61,-333.06,222.24,0
0,0,1,-1,0,0,0,-1,0,332.96,-332.96,221.67,0
0,0,1,-1,0,0,0,-1,0,333.32,-332.86,221.09,0
0,0,1,-1,0,0,0,-1,0,333.68,-332.76,220.5,0
0,0,1,-1,0,0,0,-1,0,334.04,-332.66,219.9,0
0,0,1,-1,0,0,0,-1,0,334.41,-332.55,219.29,0
0,0,1,-1,0,0,0,-1,0,334.79,-332.45,218.68,0
0,0,1,-1,0,0,0,-1,0,335.17,-332.34,218.05,0
0,0,1,-1,0,0,0,-1,0,335.56,-332.23,217.42,0
0,0,1,-1,0,0,0,-1,0,335.95,-332.12,216.78,0
0,0,1,-1,0,0,0,-1,0,336.34,-332.01,216.13,0
0,0,1,-1,0,0,0,-1,0,336.75,-331.9,215.47,0
0,0,1,-1,0,0,0,-1,0,337.15,-331.78,214.81,0
0,0,1,-1,0,0,0,-1,0,337.56,-331.67,214.13,0
0,0,1,-1,0,0,0,-1,0,337.98,-331.55,213.45,0
0,0,1,-1,0,0,0,-1,0,338.4,-331.43,212.76,0
0,0,1,-1,0,0,0,-1,0,338.83,-331.31,212.06,0
0,0,1,-1,0,0,0,-1,0,339.26,-331.19,211.35,0
0,0,1,-1,0,0,0,-1,0,339.7,-331.07,210.64,0
0,0,1,-1,0,0,0,-1,0,340.14,-330.94,209.92,0
0,0,1,-1,0,0,0,-1,0,340.58,-330.82,209.19,0
0,0,1,-1,0,0,0,-1,0,341.03,-330.69,208.45,0
0,0,1,-1,0,0,0,-1,0,341.49,-330.56,207.71,0
0,0,1,-1,0,0,0,-1,0,341.95,-330.43,206.95,0
0,0,1,-1,0,0,0,-1,0,342.41,-330.3,206.19,0
0,0,1,-1,0,0,0,-1,0,342.88,-330.17,205.43,0
0,0,1,-1,0,0,0,-1,0,343.35,-330.04,204.66,0
0,0,1,-1,0,0,0,-1,0,343.83,-329.9,203.88,0
0,0,1,-1,0,0,0,-1,0,344.31,-329.77,203.09,0
0,0,1,-1,0,0,0,-1,0,344.79,-329.63,202.3,0
0,0,1,-1,0,0,0,-1,0,345.28,-329.49,201.5,0
0,0,1,-1,0,0,0,-1,0,345.77,-329.36,200.69,0
0,0,1,-1,0,0,0,-1,0,346.27,-329.22,199.88,0
0,0,1,-1,0,0,0,-1,0,346.77,-329.07,199.06,0
0,0,1,-1,0,0,0,-1,0,347.27,-328.93,198.23,0
0,0,1,-1,0,0,0,-1,0,347.78,-328.79,197.4,0
0,0,1,-1,0,0,0,-1,0,348.29,-328.65,196.56,0
0,0,1,-1,0,0,0,-1,0,348.81,-328.5,195.72,0
0,0,1,-1,0,0,0,-1,0,349.33,-328.35,194.87,0
0,0,1,-1,0,0,0,-1,0,349.85,-328.21,194.02,0
0,0,1,-1,0,0,0,-1,0,350.37,-328.06,193.15,0
0,0,1,-1,0,0,0,-1,0,350.9,-327.91,192.29,0
0,0,1,-1,0,0,0,-1,0,351.43,-327.76,191.42,0
0,0,1,-1,0,0,0,-1,0,351.97,-327.61,190.54,0
0,0,1,-1,0,0,0,-1,0,352.51,-327.46,189.66,0
0,0,1,-1,0,0,0,-1,0,353.05,-327.3,188.77,0
0,0,1,-1,0,0,0,-1,0,353.6,-327.15,187.87,0
0,0,1,-1,0,0,0,-1,0,354.15,-327,186.98,0
0,0,1,-1,0,0,0,-1,0,354.7,-326.84,186.07,0
0,0,1,-1,0,0,0,-1,0,355.25,-326.69,185.16,0
0,0,1,-1,0,0,0,-1,0,355.81,-326.53,184.25,0
0,0,1,-1,0,0,0,-1,0,356.37,-326.37,183.33,0
0,0,1,-1,0,0,0,-1,0,356.93,-326.21,182.41,0
0,0,1,-1,0,0,0,-1,0,357.5,-326.05,181.48,0
0,0,1,-1,0,0,0,-1,0,358.07,-325.89,180.55,0
0,0,1,-1,0,0,0,-1,0,358.64,-325.73,179.62,0
0,0,1,-1,0,0,0,-1,0,359.21,-325.57,178.68,0
0,0,1,-1,0,0,0,-1,0,359.79,-325.41,177.73,0
0,0,1,-1,0,0,0,-1,0,360.37,-325.24,176.79,0
0,0,1,-1,0,0,0,-1,0,360.95,-325.08,175.83,0
0,0,1,-1,0,0,0,-1,0,361.53,-324.92,174.88,0
0,0,1,-1,0,0,0,-1,0,362.12,-324.75,173.92,0
0,0,1,-1,0,0,0,-1,0,362.71,-324.59,172.96,0
0,0,1,-1,0,0,0,-1,0,363.3,-324.42,171.99,0
0,0,1,-1,0,0,0,-1,0,363.89,-324.25,171.02,0
0,0,1,-1,0,0,0,-1,0,364.48,-324.08,170.04,0
0,0,1,-1,0,0,0,-1,0,365.08,-323.92,169.07,0
0,0,1,-1,0,0,0,-1,0,365.68,-323.75,168.09,0
0,0,1,-1,0,0,0,-1,0,366.28,-323.58,167.1,0
0,0,1,-1,0,0,0,-1,0,366.88,-323.41,166.12,0
0,0,1,-1,0,0,0,-1,0,367.49,-323.24,165.13,0
0,0,1,-1,0,0,0,-1,0,368.09,-323.07,164.14,0
0,0,1,-1,0,0,0,-1,0,368.7,-322.9,163.14,0
0,0,1,-1,0,0,0,-1,0,369.31,-322.73,162.14,0
0,0,1,-1,0,0,0,-1,0,369.92,-322.55,161.14,0
0,0,1,-1,0,0,0,-1,0,370.53,-322.38,160.14,0
0,0,1,-1,0,0,0,-1,0,371.15,-322.21,159.14,0
0,0,1,-1,0,0,0,-1,0,371.76,-322.04,158.13,0
0,0,1,-1,0,0,0,-1,0,372.38,-321.86,157.12,0
0,0,1,-1,0,0,0,-1,0,373,-321.69,156.11,0
0,0,1,-1,0,0,0,-1,0,373.61,-321.51,155.09,0
0,0,1,-1,0,0,0,-1,0,374.23,-321.34,154.08,0
0,0,1,-1,0,0,0,-1,0,374.86,-321.16,153.06,0
0,0,1,-1,0,0,0,-1,0,375.48,-320.99,152.04,0
0,0,1,-1,0,0,0,-1,0,376.1,-320.81,151.02,0
0,0,1,-1,0,0,0,-1,0,376.73,-320.64,150,0
0,0,1,-1,0,0,0,-1,0,377.35,-320.46,148.97,0
0,0,1,-1,0,0,0,-1,0,377.98,-320.28,147.95,0
0,0,1,-1,0,0,0,-1,0,378.6,-320.11,146.92,0
0,0,1,-1,0,0,0,-1,0,379.23,-319.93,145.89,0
0,0,1,-1,0,0,0,-1,0,379.86,-319.75,144.86,0
0,0,1,-1,0,0,0,-1,0,380.49,-319.58,143.83,0
0,0,1,-1,0,0,0,-1,0,381.12,-319.4,142.8,0
0,0,1,-1,0,0,0,-1,0,381.75,-319.22,141.77,0
0,0,1,-1,0,0,0,-1,0,382.38,-319.05,140.74,0
0,0,1,-1,0,0,0,-1,0,383.01,-318.87,139.71,0
0,0,1,-1,0,0,0,-1,0,383.64,-318.69,138.67,0
0,0,1,-1,0,0,0,-1,0,384.27,-318.51,137.64,0
0,0,1,-1,0,0,0,-1,0,384.9,-318.33,136.6,0
0,0,1,-1,0,0,0,-1,0,385.54,-318.16,135.57,0
0,0,1,-1,0,0,0,-1,0,386.17,-317.98,134.53,0
0,0,1,-1,0,0,0,-1,0,386.8,-317.8,133.5,0
0,0,1,-1,0,0,0,-1,0,387.43,-317.62,132.47,0
0,0,1,-1,0,0,0,-1,0,388.06,-317.44,131.43,0
0,0,1,-1,0,0,0,-1,0,388.7,-317.27,130.4,0
0,0,1,-1,0,0,0,-1,0,389.33,-317.09,129.36,0
0,0,1,-1,0,0,0,-1,0,389.96,-316.91,128.33,0
0,0,1,-1,0,0,0,-1,0,390.59,-316.73,127.29,0
0,0,1,-1,0,0,0,-1,0,391.22,-316.55,126.26,0
0,0,1,-1,0,0,0,-1,0,391.85,-316.38,125.23,0
0,0,1,-1,0,0,0,-1,0,392.48,-316.2,124.2,0
0,0,1,-1,0,0,0,-1,0,393.11,-316.02,123.17,0
0,0,1,-1,0,0,0,-1,0,393.74,-315.85,122.14,0
0,0,1,-1,0,0,0,-1,0,394.37,-315.67,121.11,0
0,0,1,-1,0,0,0,-1,0,395,-315.49,120.08,0
0,0,1,-1,0,0,0,-1,0,395.62,-315.32,119.05,0
0,0,1,-1,0,0,0,-1,0,396.25,-315.14,118.03,0
0,0,1,-1,0,0,0,-1,0,396.87,-314.96,117,0
0,0,1,-1,0,0,0,-1,0,397.5,-314.79,115.98,0
0,0,1,-1,0,0,0,-1,0,398.12,-314.61,114.96,0
0,0,1,-1,0,0,0,-1,0,398.74,-314.44,113.94,0
0,0,1,-1,0,0,0,-1,0,399.37,-314.26,112.92,0
0,0,1,-1,0,0,0,-1,0,399.99,-314.09,111.91,0
0,0,1,-1,0,0,0,-1,0,400.6,-313.91,110.89,0
0,0,1,-1,0,0,0,-1,0,401.22,-313.74,109.88,0
0,0,1,-1,0,0,0,-1,0,401.84,-313.56,108.87,0
0,0,1,-1,0,0,0,-1,0,402.45,-313.39,107.86,0
0,0,1,-1,0,0,0,-1,0,403.07,-313.22,106.86,0
0,0,1,-1,0,0,0,-1,0,403.68,-313.05,105.86,0
0,0,1,-1,0,0,0,-1,0,404.29,-312.87,104.86,0
0,0,1,-1,0,0,0,-1,0,404.9,-312.7,103.86,0
0,0,1,-1,0,0,0,-1,0,405.51,-312.53,102.86,0
0,0,1,-1,0,0,0,-1,0,406.11,-312.36,101.87,0
0,0,1,-1,0,0,0,-1,0,406.72,-312.19,100.88,0
0,0,1,-1,0,0,0,-1,0,407.32,-312.02,99.896,0
0,0,1,-1,0,0,0,-1,0,407.92,-311.85,98.913,0
0,0,1,-1,0,0,0,-1,0,408.52,-311.68,97.932,0
0,0,1,-1,0,0,0,-1,0,409.12,-311.52,96.955,0
0,0,1,-1,0,0,0,-1,0,409.71,-311.35,95.982,0
0,0,1,-1,0,0,0,-1,0,410.3,-311.18,95.011,0
0,0,1,-1,0,0,0,-1,0,410.89,-311.01,94.045,0
0,0,1,-1,0,0,0,-1,0,411.48,-310.85,93.081,0
0,0,1,-1,0,0,0,-1,0,412.07,-310.68,92.122,0
0,0,1,-1,0,0,0,-1,0,412.65,-310.52,91.166,0
0,0,1,-1,0,0,0,-1,0,413.23,-310.36,90.214,0
0,0,1,-1,0,0,0,-1,0,413.81,-310.19,89.266,0
0,0,1,-1,0,0,0,-1,0,414.39,-310.03,88.322,0
0,0,1,-1,0,0,0,-1,0,414.96,-309.87,87.382,0
0,0,1,-1,0,0,0,-1,0,415.53,-309.71,86.447,0
0,0,1,-1,0,0,0,-1,0,416.1,-309.55,85.516,0
0,0,1,-1,0,0,0,-1,0,416.67,-309.39,84.589,0
0,0,1,-1,0,0,0,-1,0,417.23,-309.23,83.667,0
0,0,1,-1,0,0,0,-1,0,417.79,-309.07,82.749,0
0,0,1,-1,0,0,0,-1,0,418.35,-308.91,81.836,0
0,0,1,-1,0,0,0,-1,0,418.9,-308.76,80.928,0
0,0,1,-1,0,0,0,-1,0,419.45,-308.6,80.024,0
0,0,1,-1,0,0,0,-1,0,420,-308.45,79.126,0
0,0,1,-1,0,0,0,-1,0,420.55,-308.3,78.233,0
0,0,1,-1,0,0,0,-1,0,421.09,-308.14,77.345,0
0,0,1,-1,0,0,0,-1,0,421.63,-307.99,76.462,0
0,0,1,-1,0,0,0,-1,0,422.17,-307.84,75.584,0
0,0,1,-1,0,0,0,-1,0,422.7,-307.69,74.712,0
0,0,1,-1,0,0,0,-1,0,423.23,-307.54,73.845,0
0,0,1,-1,0,0,0,-1,0,423.75,-307.39,72.984,0
0,0,1,-1,0,0,0,-1,0,424.27,-307.25,72.129,0
0,0,1,-1,0,0,0,-1,0,424.79,-307.1,71.28,0
0,0,1,-1,0,0,0,-1,0,425.31,-306.95,70.436,0
0,0,1,-1,0,0,0,-1,0,425.82,-306.81,69.598,0
0,0,1,-1,0,0,0,-1,0,426.33,-306.67,68.767,0
0,0,1,-1,0,0,0,-1,0,426.83,-306.53,67.941,0
0,0,1,-1,0,0,0,-1,0,427.33,-306.38,67.122,0
0,0,1,-1,0,0,0,-1,0,427.83,-306.24,66.309,0
0,0,1,-1,0,0,0,-1,0,428.32,-306.11,65.503,0
0,0,1,-1,0,0,0,-1,0,428.81,-305.97,64.703,0
0,0,1,-1,0,0,0,-1,0,429.29,-305.83,63.91,0
0,0,1,-1,0,0,0,-1,0,429.77,-305.7,63.123,0
0,0,1,-1,0,0,0,-1,0,430.25,-305.56,62.344,0
0,0,1,-1,0,0,0,-1,0,430.72,-305.43,61.571,0
0,0,1,-1,0,0,0,-1,0,431.19,-305.3,60.805,0
0,0,1,-1,0,0,0,-1,0,431.65,-305.17,60.046,0
0,0,1,-1,0,0,0,-1,0,432.11,-305.04,59.295,0
0,0,1,-1,0,0,0,-1,0,432.57,-304.91,58.551,0
0,0,1,-1,0,0,0,-1,0,433.02,-304.78,57.814,0
0,0,1,-1,0,0,0,-1,0,433.46,-304.66,57.084,0
0,0,1,-1,0,0,0,-1,0,433.9,-304.53,56.362,0
0,0,1,-1,0,0,0,-1,0,434.34,-304.41,55.648,0
0,0,1,-1,0,0,0,-1,0,434.77,-304.29,54.942,0
0,0,1,-1,0,0,0,-1,0,435.2,-304.17,54.243,0
0,0,1,-1,0,0,0,-1,0,435.62,-304.05,53.552,0
0,0,1,-1,0,0,0,-1,0,436.04,-303.93,52.869,0
0,0,1,-1,0,0,0,-1,0,436.45,-303.82,52.195,0
0,0,1,-1,0,0,0,-1,0,436.85,-303.7,51.528,0
0,0,1,-1,0,0,0,-1,0,437.26,-303.59,50.87,0
0,0,1,-1,0,0,0,-1,0,437.65,-303.48,50.22,0
0,0,1,-1,0,0,0,-1,0,438.04,-303.37,49.578,0
0,0,1,-1,0,0,0,-1,0,438.43,-303.26,48.946,0
0,0,1,-1,0,0,0,-1,0,438.81,-303.15,48.321,0
0,0,1,-1,0,0,0,-1,0,439.19,-303.05,47.706,0
0,0,1,-1,0,0,0,-1,0,439.56,-302.94,47.099,0
0,0,1,-1,0,0,0,-1,0,439.92,-302.84,46.502,0
0,0,1,-1,0,0,0,-1,0,440.28,-302.74,45.913,0
0,0,1,-1,0,0,0,-1,0,440.64,-302.64,45.333,0
0,0,1,-1,0,0,0,-1,0,440.99,-302.54,44.763,0
0,0,1,-1,0,0,0,-1,0,441.33,-302.44,44.202,0
0,0,1,-1,0,0,0,-1,0,441.66,-302.35,43.65,0
0,0,1,-1,0,0,0,-1,0,442,-302.25,43.108,0
0,0,1,-1,0,0,0,-1,0,442.32,-302.16,42.575,0
0,0,1,-1,0,0,0,-1,0,442.64,-302.07,42.052,0
0,0,1,-1,0,0,0,-1,0,442.95,-301.98,41.539,0
0,0,1,-1,0,0,0,-1,0,443.26,-301.9,41.036,0
0,0,1,-1,0,0,0,-1,0,443.56,-301.81,40.542,0
0,0,1,-1,0,0,0,-1,0,443.86,-301.73,40.059,0
0,0,1,-1,0,0,0,-1,0,444.15,-301.65,39.585,0
0,0,1,-1,0,0,0,-1,0,444.43,-301.57,39.122,0
0,0,1,-1,0,0,0,-1,0,444.71,-301.49,38.669,0
0,0,1,-1,0,0,0,-1,0,444.98,-301.41,38.227,0
0,0,1,-1,0,0,0,-1,0,445.24,-301.34,37.795,0
0,0,1,-1,0,0,0,-1,0,445.5,-301.27,37.374,0
0,0,1,-1,0,0,0,-1,0,445.75,-301.2,36.963,0
0,0,1,-1,0,0,0,-1,0,445.99,-301.13,36.563,0
0,0,1,-1,0,0,0,-1,0,446.23,-301.06,36.174,0
0,0,1,-1,0,0,0,-1,0,446.46,-301,35.796,0
0,0,1,-1,0,0,0,-1,0,446.68,-300.93,35.429,0
0,0,1,-1,0,0,0,-1,0,446.9,-300.87,35.073,0
0,0,1,-1,0,0,0,-1,0,447.11,-300.81,34.728,0
0,0,1,-1,0,0,0,-1,0,447.32,-300.76,34.395,0
0,0,1,-1,0,0,0,-1,0,447.51,-300.7,34.073,0
0,0,1,-1,0,0,0,-1,0,447.7,-300.65,33.762,0
0,0,1,-1,0,0,0,-1,0,447.89,-300.6,33.464,0
0,0,1,-1,0,0,0,-1,0,448.06,-300.55,33.176,0
0,0,1,-1,0,0,0,-1,0,448.23,-300.5,32.901,0
0,0,1,-1,0,0,0,-1,0,448.39,-300.45,32.637,0
0,0,1,-1,0,0,0,-1,0,448.54,-300.41,32.386,0
0,0,1,-1,0,0,0,-1,0,448.69,-300.37,32.146,0
0,0,1,-1,0,0,0,-1,0,448.83,-300.33,31.919,0
0,0,1,-1,0,0,0,-1,0,448.96,-300.29,31.704,0
0,0,1,-1,0,0,0,-1,0,449.08,-300.26,31.501,0
0,0,1,-1,0,0,0,-1,0,449.2,-300.23,31.31,0
0,0,1,-1,0,0,0,-1,0,449.31,-300.19,31.132,0
0,0,1,-1,0,0,0,-1,0,449.41,-300.17,30.967,0
0,0,1,-1,0,0,0,-1,0,449.5,-300.14,30.814,0
0,0,1,-1,0,0,0,-1,0,449.59,-300.12,30.675,0
0,0,1,-1,0,0,0,-1,0,449.67,-300.09,30.548,0
0,0,1,-1,0,0,0,-1,0,449.74,-300.07,30.434,0
0,0,1,-1,0,0,0,-1,0,449.8,-300.06,30.333,0
0,0,1,-1,0,0,0,-1,0,449.85,-300.04,30.245,0
0,0,1,-1,0,0,0,-1,0,449.9,-300.03,30.171,0
0,0,1,-1,0,0,0,-1,0,449.93,-300.02,30.109,0
0,0,1,-1,0,0,0,-1,0,449.96,-300.01,30.062,0
0,0,1,-1,0,0,0,-1,0,449.98,-300,30.027,0
0,0,1,-1,0,0,0,-1,0,450,-300,30.007,0
0,0,1,-1,0,0,0,-1,0,450,-300,30,0
0,0,1,-1,0,0,0,-1,0,450,-300,30,0
0,0,1,-1,0,0,0,-1,0,450,-300,29.998,0
0,0,1,-1,0,0,0,-1,0,450,-300,29.991,0
0,0,1,-1,0,0,0,-1,0,450,-300,29.98,0
0,0,1,-1,0,0,0,-1,0,450,-300,29.964,0
0,0,1,-1,0,0,0,-1,0,450,-300,29.945,0
0,0,1,-1,0,0,0,-1,0,450,-300,29.921,0
0,0,1,-1,0,0,0,-1,0,450,-300,29.892,0
0,0,1,-1,0,0,0,-1,0,450,-300,29.86,0
0,0,1,-1,0,0,0,-1,0,450,-300,29.823,0
0,0,1,-1,0,0,0,-1,0,450,-300,29.782,0
0,0,1,-1,0,0,0,-1,0,450,-300,29.738,0
0,0,1,-1,0,0,0,-1,0,450,-300,29.689,0
0,0,1,-1,0,0,0,-1,0,450,-300,29.636,0
0,0,1,-1,0,0,0,-1,0,450,-300,29.58,0
0,0,1,-1,0,0,0,-1,0,450,-300,29.519,0
0,0,1,-1,0,0,0,-1,0,450,-300,29.455,0
0,0,1,-1,0,0,0,-1,0,450,-300,29.387,0
0,0,1,-1,0,0,0,-1,0,450,-300,29.315,0
0,0,1,-1,0,0,0,-1,0,450,-300,29.239,0
0,0,1,-1,0,0,0,-1,0,450,-300,29.16,0
0,0,1,-1,0,0,0,-1,0,450,-300,29.077,0
0,0,1,-1,0,0,0,-1,0,450,-300,28.991,0
0,0,1,-1,0,0,0,-1,0,450,-300,28.901,0
0,0,1,-1,0,0,0,-1,0,450,-300,28.808,0
0,0,1,-1,0,0,0,-1,0,450,-300,28.711,0
0,0,1,-1,0,0,0,-1,0,450,-300,28.611,0
0,0,1,-1,0,0,0,-1,0,450,-300,28.507,0
0,0,1,-1,0,0,0,-1,0,450,-300,28.401,0
0,0,1,-1,0,0,0,-1,0,450,-300,28.291,0
0,0,1,-1,0,0,0,-1,0,450,-300,28.177,0
0,0,1,-1,0,0,0,-1,0,450,-300,28.061,0
0,0,1,-1,0,0,0,-1,0,450,-300,27.942,0
0,0,1,-1,0,0,0,-1,0,450,-300,27.819,0
0,0,1,-1,0,0,0,-1,0,450,-300,27.694,0
0,0,1,-1,0,0,0,-1,0,450,-300,27.565,0
0,0,1,-1,0,0,0,-1,0,450,-300,27.434,0
0,0,1,-1,0,0,0,-1,0,450,-300,27.3,0
0,0,1,-1,0,0,0,-1,0,450,-300,27.163,0
0,0,1,-1,0,0,0,-1,0,450,-300,27.023,0
0,0,1,-1,0,0,0,-1,0,450,-300,26.88,0
0,0,1,-1,0,0,0,-1,0,450,-300,26.735,0
0,0,1,-1,0,0,0,-1,0,450,-300,26.587,0
0,0,1,-1,0,0,0,-1,0,450,-300,26.436,0
0,0,1,-1,0,0,0,-1,0,450,-300,26.283,0
0,0,1,-1,0,0,0,-1,0,450,-300,26.127,0
0,0,1,-1,0,0,0,-1,0,450,-300,25.969,0
0,0,1,-1,0,0,0,-1,0,450,-300,25.808,0
0,0,1,-1,0,0,0,-1,0,450,-300,25.645,0
0,0,1,-1,0,0,0,-1,0,450,-300,25.48,0
0,0,1,-1,0,0,0,-1,0,450,-300,25.312,0
0,0,1,-1,0,0,0,-1,0,450,-300,25.143,0
0,0,1,-1,0,0,0,-1,0,450,-300,24.971,0
0,0,1,-1,0,0,0,-1,0,450,-300,24.796,0
0,0,1,-1,0,0,0,-1,0,450,-300,24.62,0
0,0,1,-1,0,0,0,-1,0,450,-300,24.442,0
0,0,1,-1,0,0,0,-1,0,450,-300,24.261,0
0,0,1,-1,0,0,0,-1,0,450,-300,24.079,0
0,0,1,-1,0,0,0,-1,0,450,-300,23.894,0
0,0,1,-1,0,0,0,-1,0,450,-300,23.708,0
0,0,1,-1,0,0,0,-1,0,450,-300,23.52,0
0,0,1,-1,0,0,0,-1,0,450,-300,23.33,0
0,0,1,-1,0,0,0,-1,0,450,-300,23.138,0
0,0,1,-1,0,0,0,-1,0,450,-300,22.945,0
0,0,1,-1,0,0,0,-1,0,450,-300,22.75,0
0,0,1,-1,0,0,0,-1,0,450,-300,22.553,0
0,0,1,-1,0,0,0,-1,0,450,-300,22.355,0
0,0,1,-1,0,0,0,-1,0,450,-300,22.155,0
0,0,1,-1,0,0,0,-1,0,450,-300,21.954,0
0,0,1,-1,0,0,0,-1,0,450,-300,21.752,0
0,0,1,-1,0,0,0,-1,0,450,-300,21.547,0
0,0,1,-1,0,0,0,-1,0,450,-300,21.342,0
0,0,1,-1,0,0,0,-1,0,450,-300,21.135,0
0,0,1,-1,0,0,0,-1,0,450,-300,20.927,0
0,0,1,-1,0,0,0,-1,0,450,-300,20.718,0
0,0,1,-1,0,0,0,-1,0,450,-300,20.508,0
0,0,1,-1,0,0,0,-1,0,450,-300,20.296,0
0,0,1,-1,0,0,0,-1,0,450,-300,20.084,0
0,0,1,-1,0,0,0,-1,0,450,-300,19.87,0
0,0,1,-1,0,0,0,-1,0,450,-300,19.656,0
0,0,1,-1,0,0,0,-1,0,450,-300,19.44,0
0,0,1,-1,0,0,0,-1,0,450,-300,19.224,0
0,0,1,-1,0,0,0,-1,0,450,-300,19.006,0
0,0,1,-1,0,0,0,-1,0,450,-300,18.788,0
0,0,1,-1,0,0,0,-1,0,450,-300,18.569,0
0,0,1,-1,0,0,0,-1,0,450,-300,18.35,0
0,0,1,-1,0,0,0,-1,0,450,-300,18.129,0
0,0,1,-1,0,0,0,-1,0,450,-300,17.909,0
0,0,1,-1,0,0,0,-1,0,450,-300,17.687,0
0,0,1,-1,0,0,0,-1,0,450,-300,17.465,0
0,0,1,-1,0,0,0,-1,0,450,-300,17.242,0
0,0,1,-1,0,0,0,-1,0,450,-300,17.02,0
0,0,1,-1,0,0,0,-1,0,450,-300,16.796,0
0,0,1,-1,0,0,0,-1,0,450,-300,16.572,0
0,0,1,-1,0,0,0,-1,0,450,-300,16.348,0
0,0,1,-1,0,0,0,-1,0,450,-300,16.124,0
0,0,1,-1,0,0,0,-1,0,450,-300,15.9,0
0,0,1,-1,0,0,0,-1,0,450,-300,15.675,0
0,0,1,-1,0,0,0,-1,0,450,-300,15.45,0
0,0,1,-1,0,0,0,-1,0,450,-300,15.225,0
0,0,1,-1,0,0,0,-1,0,450,-300,15,0
0,0,1,-1,0,0,0,-1,0,450,-300,14.775,0
0,0,1,-1,0,0,0,-1,0,450,-300,14.55,0
0,0,1,-1,0,0,0,-1,0,450,-300,14.325,0
0,0,1,-1,0,0,0,-1,0,450,-300,14.1,0
0,0,1,-1,0,0,0,-1,0,450,-300,13.876,0
0,0,1,-1,0,0,0,-1,0,450,-300,13.652,0
0,0,1,-1,0,0,0,-1,0,450,-300,13.428,0
0,0,1,-1,0,0,0,-1,0,450,-300,13.204,0
0,0,1,-1,0,0,0,-1,0,450,-300,12.98,0
0,0,1,-1,0,0,0,-1,0,450,-300,12.757,0
0,0,1,-1,0,0,0,-1,0,450,-300,12.535,0
0,0,1,-1,0,0,0,-1,0,450,-300,12.313,0
0,0,1,-1,0,0,0,-1,0,450,-300,12.091,0
0,0,1,-1,0,0,0,-1,0,450,-300,11.871,0
0,0,1,-1,0,0,0,-1,0,450,-300,11.65,0
0,0,1,-1,0,0,0,-1,0,450,-300,11.431,0
0,0,1,-1,0,0,0,-1,0,450,-300,11.212,0
0,0,1,-1,0,0,0,-1,0,450,-300,10.994,0
0,0,1,-1,0,0,0,-1,0,450,-300,10.776,0
0,0,1,-1,0,0,0,-1,0,450,-300,10.56,0
0,0,1,-1,0,0,0,-1,0,450,-300,10.344,0
0,0,1,-1,0,0,0,-1,0,450,-300,10.13,0
0,0,1,-1,0,0,0,-1,0,450,-300,9.9163,0
0,0,1,-1,0,0,0,-1,0,450,-300,9.7037,0
0,0,1,-1,0,0,0,-1,0,450,-300,9.4922,0
0,0,1,-1,0,0,0,-1,0,450,-300,9.2818,0
0,0,1,-1,0,0,0,-1,0,450,-300,9.0726,0
0,0,1,-1,0,0,0,-1,0,450,-300,8.8646,0
0,0,1,-1,0,0,0,-1,0,450,-300,8.6579,0
0,0,1,-1,0,0,0,-1,0,450,-300,8.4525,0
0,0,1,-1,0,0,0,-1,0,450,-300,8.2484,0
0,0,1,-1,0,0,0,-1,0,450,-300,8.0458,0
0,0,1,-1,0,0,0,-1,0,450,-300,7.8445,0
0,0,1,-1,0,0,0,-1,0,450,-300,7.6448,0
0,0,1,-1,0,0,0,-1,0,450,-300,7.4466,0
0,0,1,-1,0,0,0,-1,0,450,-300,7.2499,0
0,0,1,-1,0,0,0,-1,0,450,-300,7.0549,0
0,0,1,-1,0,0,0,-1,0,450,-300,6.8615,0
0,0,1,-1,0,0,0,-1,0,450,-300,6.6699,0
0,0,1,-1,0,0,0,-1,0,450,-300,6.48,0
0,0,1,-1,0,0,0,-1,0,450,-300,6.2919,0
0,0,1,-1,0,0,0,-1,0,450,-300,6.1057,0
0,0,1,-1,0,0,0,-1,0,450,-300,5.9213,0
0,0,1,-1,0,0,0,-1,0,450,-300,5.7389,0
0,0,1,-1,0,0,0,-1,0,450,-300,5.5584,0
0,0,1,-1,0,0,0,-1,0,450,-300,5.38,0
0,0,1,-1,0,0,0,-1,0,450,-300,5.2037,0
0,0,1,-1,0,0,0,-1,0,450,-300,5.0294,0
0,0,1,-1,0,0,0,-1,0,450,-300,4.8574,0
0,0,1,-1,0,0,0,-1,0,450,-300,4.6875,0
0,0,1,-1,0,0,0,-1,0,450,-300,4.5199,0
0,0,1,-1,0,0,0,-1,0,450,-300,4.3546,0
0,0,1,-1,0,0,0,-1,0,450,-300,4.1916,0
0,0,1,-1,0,0,0,-1,0,450,-300,4.031,0
0,0,1,-1,0,0,0,-1,0,450,-300,3.8728,0
0,0,1,-1,0,0,0,-1,0,450,-300,3.7171,0
0,0,1,-1,0,0,0,-1,0,450,-300,3.5639,0
0,0,1,-1,0,0,0,-1,0,450,-300,3.4133,0
0,0,1,-1,0,0,0,-1,0,450,-300,3.2653,0
0,0,1,-1,0,0,0,-1,0,450,-300,3.12,0
0,0,1,-1,0,0,0,-1,0,450,-300,2.9774,0
0,0,1,-1,0,0,0,-1,0,450,-300,2.8375,0
0,0,1,-1,0,0,0,-1,0,450,-300,2.7004,0
0,0,1,-1,0,0,0,-1,0,450,-300,2.5661,0
0,0,1,-1,0,0,0,-1,0,450,-300,2.4347,0
0,0,1,-1,0,0,0,-1,0,450,-300,2.3062,0
0,0,1,-1,0,0,0,-1,0,450,-300,2.1807,0
0,0,1,-1,0,0,0,-1,0,450,-300,2.0582,0
0,0,1,-1,0,0,0,-1,0,450,-300,1.9388,0
0,0,1,-1,0,0,0,-1,0,450,-300,1.8225,0
0,0,1,-1,0,0,0,-1,0,450,-300,1.7093,0
0,0,1,-1,0,0,0,-1,0,450,-300,1.5994,0
0,0,1,-1,0,0,0,-1,0,450,-300,1.4926,0
0,0,1,-1,0,0,0,-1,0,450,-300,1.3892,0
0,0,1,-1,0,0,0,-1,0,450,-300,1.2891,0
0,0,1,-1,0,0,0,-1,0,450,-300,1.1923,0
0,0,1,-1,0,0,0,-1,0,450,-300,1.099,0
0,0,1,-1,0,0,0,-1,0,450,-300,1.0091,0
0,0,1,-1,0,0,0,-1,0,450,-300,0.92279,0
0,0,1,-1,0,0,0,-1,0,450,-300,0.84,0
0,0,1,-1,0,0,0,-1,0,450,-300,0.76081,0
0,0,1,-1,0,0,0,-1,0,450,-300,0.68526,0
0,0,1,-1,0,0,0,-1,0,450,-300,0.6134,0
0,0,1,-1,0,0,0,-1,0,450,-300,0.54528,0
0,0,1,-1,0,0,0,-1,0,450,-300,0.48094,0
0,0,1,-1,0,0,0,-1,0,450,-300,0.42042,0
0,0,1,-1,0,0,0,-1,0,450,-300,0.36377,0
0,0,1,-1,0,0,0,-1,0,450,-300,0.31104,0
0,0,1,-1,0,0,0,-1,0,450,-300,0.26227,0
0,0,1,-1,0,0,0,-1,0,450,-300,0.2175,0
0,0,1,-1,0,0,0,-1,0,450,-300,0.17678,0
0,0,1,-1,0,0,0,-1,0,450,-300,0.14016,0
0,0,1,-1,0,0,0,-1,0,450,-300,0.10768,0
0,0,1,-1,0,0,0,-1,0,450,-300,0.07938,0
0,0,1,-1,0,0,0,-1,0,450,-300,0.055313,0
0,0,1,-1,0,0,0,-1,0,450,-300,0.03552,0
0,0,1,-1,0,0,0,-1,0,450,-300,0.020047,0
0,0,1,-1,0,0,0,-1,0,450,-300,0.00894,0
0,0,1,-1,0,0,0,-1,0,450,-300,0.0022425,0
0,0,1,-1,0,0,0,-1,0,450,-300,0,0
0,0,1,-1,0,0,0,-1,0,450,-300,0,1
0,0,1,-1,0,0,0,-1,0,450,-300,0.0022425,1
0,0,1,-1,0,0,0,-1,0,450,-300,0.00894,1
0,0,1,-1,0,0,0,-1,0,450,-300,0.020047,1
0,0,1,-1,0,0,0,-1,0,450,-300,0.03552,1
0,0,1,-1,0,0,0,-1,0,450,-300,0.055313,1
0,0,1,-1,0,0,0,-1,0,450,-300,0.07938,1
0,0,1,-1,0,0,0,-1,0,450,-300,0.10768,1
0,0,1,-1,0,0,0,-1,0,450,-300,0.14016,1
0,0,1,-1,0,0,0,-1,0,450,-300,0.17678,1
0,0,1,-1,0,0,0,-1,0,450,-300,0.2175,1
0,0,1,-1,0,0,0,-1,0,450,-300,0.26227,1
0,0,1,-1,0,0,0,-1,0,450,-300,0.31104,1
0,0,1,-1,0,0,0,-1,0,450,-300,0.36377,1
0,0,1,-1,0,0,0,-1,0,450,-300,0.42042,1
0,0,1,-1,0,0,0,-1,0,450,-300,0.48094,1
0,0,1,-1,0,0,0,-1,0,450,-300,0.54528,1
0,0,1,-1,0,0,0,-1,0,450,-300,0.6134,1
0,0,1,-1,0,0,0,-1,0,450,-300,0.68526,1
0,0,1,-1,0,0,0,-1,0,450,-300,0.76081,1
0,0,1,-1,0,0,0,-1,0,450,-300,0.84,1
0,0,1,-1,0,0,0,-1,0,450,-300,0.92279,1
0,0,1,-1,0,0,0,-1,0,450,-300,1.0091,1
0,0,1,-1,0,0,0,-1,0,450,-300,1.099,1
0,0,1,-1,0,0,0,-1,0,450,-300,1.1923,1
0,0,1,-1,0,0,0,-1,0,450,-300,1.2891,1
0,0,1,-1,0,0,0,-1,0,450,-300,1.3892,1
0,0,1,-1,0,0,0,-1,0,450,-300,1.4926,1
0,0,1,-1,0,0,0,-1,0,450,-300,1.5994,1
0,0,1,-1,0,0,0,-1,0,450,-300,1.7093,1
0,0,1,-1,0,0,0,-1,0,450,-300,1.8225,1
0,0,1,-1,0,0,0,-1,0,450,-300,1.9388,1
0,0,1,-1,0,0,0,-1,0,450,-300,2.0582,1
0,0,1,-1,0,0,0,-1,0,450,-300,2.1807,1
0,0,1,-1,0,0,0,-1,0,450,-300,2.3062,1
0,0,1,-1,0,0,0,-1,0,450,-300,2.4347,1
0,0,1,-1,0,0,0,-1,0,450,-300,2.5661,1
0,0,1,-1,0,0,0,-1,0,450,-300,2.7004,1
0,0,1,-1,0,0,0,-1,0,450,-300,2.8375,1
0,0,1,-1,0,0,0,-1,0,450,-300,2.9774,1
0,0,1,-1,0,0,0,-1,0,450,-300,3.12,1
0,0,1,-1,0,0,0,-1,0,450,-300,3.2653,1
0,0,1,-1,0,0,0,-1,0,450,-300,3.4133,1
0,0,1,-1,0,0,0,-1,0,450,-300,3.5639,1
0,0,1,-1,0,0,0,-1,0,450,-300,3.7171,1
0,0,1,-1,0,0,0,-1,0,450,-300,3.8728,1
0,0,1,-1,0,0,0,-1,0,450,-300,4.031,1
0,0,1,-1,0,0,0,-1,0,450,-300,4.1916,1
0,0,1,-1,0,0,0,-1,0,450,-300,4.3546,1
0,0,1,-1,0,0,0,-1,0,450,-300,4.5199,1
0,0,1,-1,0,0,0,-1,0,450,-300,4.6875,1
0,0,1,-1,0,0,0,-1,0,450,-300,4.8574,1
0,0,1,-1,0,0,0,-1,0,450,-300,5.0294,1
0,0,1,-1,0,0,0,-1,0,450,-300,5.2037,1
0,0,1,-1,0,0,0,-1,0,450,-300,5.38,1
0,0,1,-1,0,0,0,-1,0,450,-300,5.5584,1
0,0,1,-1,0,0,0,-1,0,450,-300,5.7389,1
0,0,1,-1,0,0,0,-1,0,450,-300,5.9213,1
0,0,1,-1,0,0,0,-1,0,450,-300,6.1057,1
0,0,1,-1,0,0,0,-1,0,450,-300,6.2919,1
0,0,1,-1,0,0,0,-1,0,450,-300,6.48,1
0,0,1,-1,0,0,0,-1,0,450,-300,6.6699,1
0,0,1,-1,0,0,0,-1,0,450,-300,6.8615,1
0,0,1,-1,0,0,0,-1,0,450,-300,7.0549,1
0,0,1,-1,0,0,0,-1,0,450,-300,7.2499,1
0,0,1,-1,0,0,0,-1,0,450,-300,7.4466,1
0,0,1,-1,0,0,0,-1,0,450,-300,7.6448,1
0,0,1,-1,0,0,0,-1,0,450,-300,7.8445,1
0,0,1,-1,0,0,0,-1,0,450,-300,8.0458,1
0,0,1,-1,0,0,0,-1,0,450,-300,8.2484,1
0,0,1,-1,0,0,0,-1,0,450,-300,8.4525,1
0,0,1,-1,0,0,0,-1,0,450,-300,8.6579,1
0,0,1,-1,0,0,0,-1,0,450,-300,8.8646,1
0,0,1,-1,0,0,0,-1,0,450,-300,9.0726,1
0,0,1,-1,0,0,0,-1,0,450,-300,9.2818,1
0,0,1,-1,0,0,0,-1,0,450,-300,9.4922,1
0,0,1,-1,0,0,0,-1,0,450,-300,9.7037,1
0,0,1,-1,0,0,0,-1,0,450,-300,9.9163,1
0,0,1,-1,0,0,0,-1,0,450,-300,10.13,1
0,0,1,-1,0,0,0,-1,0,450,-300,10.344,1
0,0,1,-1,0,0,0,-1,0,450,-300,10.56,1
0,0,1,-1,0,0,0,-1,0,450,-300,10.776,1
0,0,1,-1,0,0,0,-1,0,450,-300,10.994,1
0,0,1,-1,0,0,0,-1,0,450,-300,11.212,1
0,0,1,-1,0,0,0,-1,0,450,-300,11.431,1
0,0,1,-1,0,0,0,-1,0,450,-300,11.65,1
0,0,1,-1,0,0,0,-1,0,450,-300,11.871,1
0,0,1,-1,0,0,0,-1,0,450,-300,12.091,1
0,0,1,-1,0,0,0,-1,0,450,-300,12.313,1
0,0,1,-1,0,0,0,-1,0,450,-300,12.535,1
0,0,1,-1,0,0,0,-1,0,450,-300,12.758,1
0,0,1,-1,0,0,0,-1,0,450,-300,12.98,1
0,0,1,-1,0,0,0,-1,0,450,-300,13.204,1
0,0,1,-1,0,0,0,-1,0,450,-300,13.428,1
0,0,1,-1,0,0,0,-1,0,450,-300,13.652,1
0,0,1,-1,0,0,0,-1,0,450,-300,13.876,1
0,0,1,-1,0,0,0,-1,0,450,-300,14.1,1
0,0,1,-1,0,0,0,-1,0,450,-300,14.325,1
0,0,1,-1,0,0,0,-1,0,450,-300,14.55,1
0,0,1,-1,0,0,0,-1,0,450,-300,14.775,1
0,0,1,-1,0,0,0,-1,0,450,-300,15,1
0,0,1,-1,0,0,0,-1,0,450,-300,15.225,1
0,0,1,-1,0,0,0,-1,0,450,-300,15.45,1
0,0,1,-1,0,0,0,-1,0,450,-300,15.675,1
0,0,1,-1,0,0,0,-1,0,450,-300,15.9,1
0,0,1,-1,0,0,0,-1,0,450,-300,16.124,1
0,0,1,-1,0,0,0,-1,0,450,-300,16.348,1
0,0,1,-1,0,0,0,-1,0,450,-300,16.572,1
0,0,1,-1,0,0,0,-1,0,450,-300,16.796,1
0,0,1,-1,0,0,0,-1,0,450,-300,17.02,1
0,0,1,-1,0,0,0,-1,0,450,-300,17.243,1
0,0,1,-1,0,0,0,-1,0,450,-300,17.465,1
0,0,1,-1,0,0,0,-1,0,450,-300,17.687,1
0,0,1,-1,0,0,0,-1,0,450,-300,17.909,1
0,0,1,-1,0,0,0,-1,0,450,-300,18.129,1
0,0,1,-1,0,0,0,-1,0,450,-300,18.35,1
0,0,1,-1,0,0,0,-1,0,450,-300,18.569,1
0,0,1,-1,0,0,0,-1,0,450,-300,18.788,1
0,0,1,-1,0,0,0,-1,0,450,-300,19.006,1
0,0,1,-1,0,0,0,-1,0,450,-300,19.224,1
0,0,1,-1,0,0,0,-1,0,450,-300,19.44,1
0,0,1,-1,0,0,0,-1,0,450,-300,19.656,1
0,0,1,-1,0,0,0,-1,0,450,-300,19.87,1
0,0,1,-1,0,0,0,-1,0,450,-300,20.084,1
0,0,1,-1,0,0,0,-1,0,450,-300,20.296,1
0,0,1,-1,0,0,0,-1,0,450,-300,20.508,1
0,0,1,-1,0,0,0,-1,0,450,-300,20.718,1
0,0,1,-1,0,0,0,-1,0,450,-300,20.927,1
0,0,1,-1,0,0,0,-1,0,450,-300,21.135,1
0,0,1,-1,0,0,0,-1,0,450,-300,21.342,1
0,0,1,-1,0,0,0,-1,0,450,-300,21.548,1
0,0,1,-1,0,0,0,-1,0,450,-300,21.752,1
0,0,1,-1,0,0,0,-1,0,450,-300,21.954,1
0,0,1,-1,0,0,0,-1,0,450,-300,22.155,1
0,0,1,-1,0,0,0,-1,0,450,-300,22.355,1
0,0,1,-1,0,0,0,-1,0,450,-300,22.553,1
0,0,1,-1,0,0,0,-1,0,450,-300,22.75,1
0,0,1,-1,0,0,0,-1,0,450,-300,22.945,1
0,0,1,-1,0,0,0,-1,0,450,-300,23.138,1
0,0,1,-1,0,0,0,-1,0,450,-300,23.33,1
0,0,1,-1,0,0,0,-1,0,450,-300,23.52,1
0,0,1,-1,0,0,0,-1,0,450,-300,23.708,1
0,0,1,-1,0,0,0,-1,0,450,-300,23.894,1
0,0,1,-1,0,0,0,-1,0,450,-300,24.079,1
0,0,1,-1,0,0,0,-1,0,450,-300,24.261,1
0,0,1,-1,0,0,0,-1,0,450,-300,24.442,1
0,0,1,-1,0,0,0,-1,0,450,-300,24.62,1
0,0,1,-1,0,0,0,-1,0,450,-300,24.796,1
0,0,1,-1,0,0,0,-1,0,450,-300,24.971,1
0,0,1,-1,0,0,0,-1,0,450,-300,25.143,1
0,0,1,-1,0,0,0,-1,0,450,-300,25.312,1
0,0,1,-1,0,0,0,-1,0,450,-300,25.48,1
0,0,1,-1,0,0,0,-1,0,450,-300,25.645,1
0,0,1,-1,0,0,0,-1,0,450,-300,25.808,1
0,0,1,-1,0,0,0,-1,0,450,-300,25.969,1
0,0,1,-1,0,0,0,-1,0,450,-300,26.127,1
0,0,1,-1,0,0,0,-1,0,450,-300,26.283,1
0,0,1,-1,0,0,0,-1,0,450,-300,26.436,1
0,0,1,-1,0,0,0,-1,0,450,-300,26.587,1
0,0,1,-1,0,0,0,-1,0,450,-300,26.735,1
0,0,1,-1,0,0,0,-1,0,450,-300,26.88,1
0,0,1,-1,0,0,0,-1,0,450,-300,27.023,1
0,0,1,-1,0,0,0,-1,0,450,-300,27.163,1
0,0,1,-1,0,0,0,-1,0,450,-300,27.3,1
0,0,1,-1,0,0,0,-1,0,450,-300,27.434,1
0,0,1,-1,0,0,0,-1,0,450,-300,27.565,1
0,0,1,-1,0,0,0,-1,0,450,-300,27.694,1
0,0,1,-1,0,0,0,-1,0,450,-300,27.819,1
0,0,1,-1,0,0,0,-1,0,450,-300,27.942,1
0,0,1,-1,0,0,0,-1,0,450,-300,28.061,1
0,0,1,-1,0,0,0,-1,0,450,-300,28.177,1
0,0,1,-1,0,0,0,-1,0,450,-300,28.291,1
0,0,1,-1,0,0,0,-1,0,450,-300,28.401,1
0,0,1,-1,0,0,0,-1,0,450,-300,28.507,1
0,0,1,-1,0,0,0,-1,0,450,-300,28.611,1
0,0,1,-1,0,0,0,-1,0,450,-300,28.711,1
0,0,1,-1,0,0,0,-1,0,450,-300,28.808,1
0,0,1,-1,0,0,0,-1,0,450,-300,28.901,1
0,0,1,-1,0,0,0,-1,0,450,-300,28.991,1
0,0,1,-1,0,0,0,-1,0,450,-300,29.077,1
0,0,1,-1,0,0,0,-1,0,450,-300,29.16,1
0,0,1,-1,0,0,0,-1,0,450,-300,29.239,1
0,0,1,-1,0,0,0,-1,0,450,-300,29.315,1
0,0,1,-1,0,0,0,-1,0,450,-300,29.387,1
0,0,1,-1,0,0,0,-1,0,450,-300,29.455,1
0,0,1,-1,0,0,0,-1,0,450,-300,29.519,1
0,0,1,-1,0,0,0,-1,0,450,-300,29.58,1
0,0,1,-1,0,0,0,-1,0,450,-300,29.636,1
0,0,1,-1,0,0,0,-1,0,450,-300,29.689,1
0,0,1,-1,0,0,0,-1,0,450,-300,29.738,1
0,0,1,-1,0,0,0,-1,0,450,-300,29.782,1
0,0,1,-1,0,0,0,-1,0,450,-300,29.823,1
0,0,1,-1,0,0,0,-1,0,450,-300,29.86,1
0,0,1,-1,0,0,0,-1,0,450,-300,29.892,1
0,0,1,-1,0,0,0,-1,0,450,-300,29.921,1
0,0,1,-1,0,0,0,-1,0,450,-300,29.945,1
0,0,1,-1,0,0,0,-1,0,450,-300,29.964,1
0,0,1,-1,0,0,0,-1,0,450,-300,29.98,1
0,0,1,-1,0,0,0,-1,0,450,-300,29.991,1
0,0,1,-1,0,0,0,-1,0,450,-300,29.998,1
0,0,1,-1,0,0,0,-1,0,450,-300,30,1
0,0,1,-1,0,0,0,-1,0,450,-300,30,1
1.8824e-05,0,1,-1,0,1.8824e-05,0,-1,0,450,-299.99,30,1
7.5197e-05,0,1,-1,0,7.5197e-05,0,-1,0,450,-299.97,30,1
0.00016897,0,1,-1,0,0.00016897,0,-1,0,450,-299.93,30,1
0.00029998,0,1,-1,0,0.00029998,0,-1,0,449.99,-299.87,30,1
0.0004681,0,1,-1,0,0.0004681,0,-1,0,449.99,-299.8,30,1
0.00067316,0,1,-1,0,0.00067316,0,-1,0,449.98,-299.71,30,1
0.00091501,0,1,-1,0,0.00091501,0,-1,0,449.98,-299.61,30,1
0.0011935,0,1,-1,0,0.0011935,0,-1,0,449.97,-299.49,30,1
0.0015085,0,1,-1,0,0.0015085,0,-1,0,449.96,-299.36,30,1
0.0018598,0,1,-1,0,0.0018598,0,-1,0,449.95,-299.21,30,1
0.0022473,0,1,-1,0,0.0022473,0,-1,0,449.94,-299.04,30,1
0.0026709,0,1,-1,0,0.0026709,0,-1,0,449.93,-298.86,30,1
0.0031304,0,1,-1,0,0.0031304,0,-1,0,449.92,-298.67,30,1
0.0036255,0,0.99999,-0.99999,0,0.0036255,0,-1,0,449.91,-298.46,30,1
0.0041563,0,0.99999,-0.99999,0,0.0041563,0,-1,0,449.89,-298.23,30,1
0.0047225,0,0.99999,-0.99999,0,0.0047225,0,-1,0,449.88,-297.99,30,1
0.005324,0,0.99999,-0.99999,0,0.005324,0,-1,0,449.86,-297.74,30,1
0.0059606,0,0.99998,-0.99998,0,0.0059606,0,-1,0,449.84,-297.47,30,1
0.0066323,0,0.99998,-0.99998,0,0.0066323,0,-1,0,449.82,-297.18,30,1
0.0073387,0,0.99997,-0.99997,0,0.0073387,0,-1,0,449.81,-296.88,30,1
0.0080798,0,0.99997,-0.99997,0,0.0080798,0,-1,0,449.78,-296.57,30,1
0.0088555,0,0.99996,-0.99996,0,0.0088555,0,-1,0,449.76,-296.24,30,1
0.0096655,0,0.99995,-0.99995,0,0.0096655,0,-1,0,449.74,-295.89,30,1
0.01051,0,0.99994,-0.99994,0,0.01051,0,-1,0,449.71,-295.53,30,1
0.011388,0,0.99994,-0.99994,0,0.011388,0,-1,0,449.69,-295.16,30,1
0.0123,0,0.99992,-0.99992,0,0.0123,0,-1,0,449.66,-294.77,30,1
0.013246,0,0.99991,-0.99991,0,0.013246,0,-1,0,449.63,-294.37,30,1
0.014226,0,0.9999,-0.9999,0,0.014226,0,-1,0,449.6,-293.96,30,1
0.015239,0,0.99988,-0.99988,0,0.015239,0,-1,0,449.57,-293.53,30,1
0.016285,0,0.99987,-0.99987,0,0.016285,0,-1,0,449.54,-293.08,30,1
0.017365,0,0.99985,-0.99985,0,0.017365,0,-1,0,449.5,-292.62,30,1
0.018477,0,0.99983,-0.99983,0,0.018477,0,-1,0,449.47,-292.15,30,1
0.019623,0,0.99981,-0.99981,0,0.019623,0,-1,0,449.43,-291.67,30,1
0.020801,0,0.99978,-0.99978,0,0.020801,0,-1,0,449.39,-291.17,30,1
0.022011,0,0.99976,-0.99976,0,0.022011,0,-1,0,449.35,-290.65,30,1
0.023254,0,0.99973,-0.99973,0,0.023254,0,-1,0,449.3,-290.12,30,1
0.02453,0,0.9997,-0.9997,0,0.02453,0,-1,0,449.26,-289.58,30,1
0.025837,0,0.99967,-0.99967,0,0.025837,0,-1,0,449.21,-289.03,30,1
0.027176,0,0.99963,-0.99963,0,0.027176,0,-1,0,449.16,-288.46,30,1
0.028547,0,0.99959,-0.99959,0,0.028547,0,-1,0,449.11,-287.88,30,1
0.029949,0,0.99955,-0.99955,0,0.029949,0,-1,0,449.06,-287.28,30,1
0.031383,0,0.99951,-0.99951,0,0.031383,0,-1,0,449.01,-286.67,30,1
0.032849,0,0.99946,-0.99946,0,0.032849,0,-1,0,448.95,-286.05,30,1
0.034345,0,0.99941,-0.99941,0,0.034345,0,-1,0,448.89,-285.42,30,1
0.035872,0,0.99936,-0.99936,0,0.035872,0,-1,0,448.83,-284.77,30,1
0.037431,0,0.9993,-0.9993,0,0.037431,0,-1,0,448.77,-284.11,30,1
0.039019,0,0.99924,-0.99924,0,0.039019,0,-1,0,448.7,-283.44,30,1
0.040639,0,0.99917,-0.99917,0,0.040639,0,-1,0,448.63,-282.75,30,1
0.042288,0,0.99911,-0.99911,0,0.042288,0,-1,0,448.56,-282.05,30,1
0.043968,0,0.99903,-0.99903,0,0.043968,0,-1,0,448.49,-281.34,30,1
0.045678,0,0.99896,-0.99896,0,0.045678,0,-1,0,448.41,-280.61,30,1
0.047418,0,0.99888,-0.99888,0,0.047418,0,-1,0,448.34,-279.88,30,1
0.049187,0,0.99879,-0.99879,0,0.049187,0,-1,0,448.26,-279.13,30,1
0.050986,0,0.9987,-0.9987,0,0.050986,0,-1,0,448.17,-278.36,30,1
0.052814,0,0.9986,-0.9986,0,0.052814,0,-1,0,448.09,-277.59,30,1
0.054671,0,0.9985,-0.9985,0,0.054671,0,-1,0,448,-276.8,30,1
0.056558,0,0.9984,-0.9984,0,0.056558,0,-1,0,447.91,-276,30,1
0.058473,0,0.99829,-0.99829,0,0.058473,0,-1,0,447.81,-275.19,30,1
0.060417,0,0.99817,-0.99817,0,0.060417,0,-1,0,447.71,-274.37,30,1
0.062389,0,0.99805,-0.99805,0,0.062389,0,-1,0,447.61,-273.53,30,1
0.06439,0,0.99792,-0.99792,0,0.06439,0,-1,0,447.51,-272.69,30,1
0.066419,0,0.99779,-0.99779,0,0.066419,0,-1,0,447.4,-271.83,30,1
0.068476,0,0.99765,-0.99765,0,0.068476,0,-1,0,447.29,-270.96,30,1
0.070561,0,0.99751,-0.99751,0,0.070561,0,-1,0,447.18,-270.07,30,1
0.072673,0,0.99736,-0.99736,0,0.072673,0,-1,0,447.06,-269.18,30,1
0.074813,0,0.9972,-0.9972,0,0.074813,0,-1,0,446.94,-268.27,30,1
0.07698,0,0.99703,-0.99703,0,0.07698,0,-1,0,446.81,-267.36,30,1
0.079175,0,0.99686,-0.99686,0,0.079175,0,-1,0,446.69,-266.43,30,1
0.081396,0,0.99668,-0.99668,0,0.081396,0,-1,0,446.55,-265.49,30,1
0.083644,0,0.9965,-0.9965,0,0.083644,0,-1,0,446.42,-264.54,30,1
0.085919,0,0.9963,-0.9963,0,0.085919,0,-1,0,446.28,-263.58,30,1
0.088221,0,0.9961,-0.9961,0,0.088221,0,-1,0,446.14,-262.6,30,1
0.090548,0,0.99589,-0.99589,0,0.090548,0,-1,0,445.99,-261.62,30,1
0.092902,0,0.99568,-0.99568,0,0.092902,0,-1,0,445.84,-260.62,30,1
0.095281,0,0.99545,-0.99545,0,0.095281,0,-1,0,445.68,-259.62,30,1
0.097686,0,0.99522,-0.99522,0,0.097686,0,-1,0,445.53,-258.6,30,1
0.10012,0,0.99498,-0.99498,0,0.10012,0,-1,0,445.36,-257.58,30,1
0.10257,0,0.99473,-0.99473,0,0.10257,0,-1,0,445.19,-256.54,30,1
0.10505,0,0.99447,-0.99447,0,0.10505,0,-1,0,445.02,-255.49,30,1
0.10756,0,0.9942,-0.9942,0,0.10756,0,-1,0,444.85,-254.43,30,1
0.11009,0,0.99392,-0.99392,0,0.11009,0,-1,0,444.66,-253.36,30,1
0.11265,0,0.99364,-0.99364,0,0.11265,0,-1,0,444.48,-252.28,30,1
0.11523,0,0.99334,-0.99334,0,0.11523,0,-1,0,444.29,-251.19,30,1
0.11783,0,0.99303,-0.99303,0,0.11783,0,-1,0,444.09,-250.1,30,1
0.12046,0,0.99272,-0.99272,0,0.12046,0,-1,0,443.89,-248.99,30,1
0.12311,0,0.99239,-0.99239,0,0.12311,0,-1,0,443.69,-247.87,30,1
0.12579,0,0.99206,-0.99206,0,0.12579,0,-1,0,443.48,-246.74,30,1
0.12849,0,0.99171,-0.99171,0,0.12849,0,-1,0,443.27,-245.6,30,1
0.13121,0,0.99135,-0.99135,0,0.13121,0,-1,0,443.05,-244.45,30,1
0.13396,0,0.99099,-0.99099,0,0.13396,0,-1,0,442.82,-243.29,30,1
0.13672,0,0.99061,-0.99061,0,0.13672,0,-1,0,442.59,-242.13,30,1
0.13952,0,0.99022,-0.99022,0,0.13952,0,-1,0,442.36,-240.95,30,1
0.14233,0,0.98982,-0.98982,0,0.14233,0,-1,0,442.12,-239.76,30,1
0.14517,0,0.98941,-0.98941,0,0.14517,0,-1,0,441.87,-238.57,30,1
0.14802,0,0.98898,-0.98898,0,0.14802,0,-1,0,441.62,-237.37,30,1
0.1509,0,0.98855,-0.98855,0,0.1509,0,-1,0,441.36,-236.15,30,1
0.1538,0,0.9881,-0.9881,0,0.1538,0,-1,0,441.1,-234.93,30,1
0.15673,0,0.98764,-0.98764,0,0.15673,0,-1,0,440.83,-233.7,30,1
0.15967,0,0.98717,-0.98717,0,0.15967,0,-1,0,440.56,-232.46,30,1
0.16264,0,0.98669,-0.98669,0,0.16264,0,-1,0,440.28,-231.21,30,1
0.16562,0,0.98619,-0.98619,0,0.16562,0,-1,0,439.99,-229.96,30,1
0.16863,0,0.98568,-0.98568,0,0.16863,0,-1,0,439.7,-228.69,30,1
0.17166,0,0.98516,-0.98516,0,0.17166,0,-1,0,439.4,-227.42,30,1
0.1747,0,0.98462,-0.98462,0,0.1747,0,-1,0,439.1,-226.13,30,1
0.17777,0,0.98407,-0.98407,0,0.17777,0,-1,0,438.79,-224.85,30,1
0.18086,0,0.98351,-0.98351,0,0.18086,0,-1,0,438.47,-223.55,30,1
0.18397,0,0.98293,-0.98293,0,0.18397,0,-1,0,438.15,-222.24,30,1
0.18709,0,0.98234,-0.98234,0,0.18709,0,-1,0,437.82,-220.93,30,1
0.19024,0,0.98174,-0.98174,0,0.19024,0,-1,0,437.48,-219.61,30,1
0.1934,0,0.98112,-0.98112,0,0.1934,0,-1,0,437.14,-218.28,30,1
0.19658,0,0.98049,-0.98049,0,0.19658,0,-1,0,436.79,-216.94,30,1
0.19979,0,0.97984,-0.97984,0,0.19979,0,-1,0,436.44,-215.6,30,1
0.20301,0,0.97918,-0.97918,0,0.20301,0,-1,0,436.08,-214.24,30,1
0.20624,0,0.9785,-0.9785,0,0.20624,0,-1,0,435.71,-212.88,30,1
0.2095,0,0.97781,-0.97781,0,0.2095,0,-1,0,435.33,-211.52,30,1
0.21277,0,0.9771,-0.9771,0,0.21277,0,-1,0,434.95,-210.14,30,1
0.21606,0,0.97638,-0.97638,0,0.21606,0,-1,0,434.56,-208.76,30,1
0.21937,0,0.97564,-0.97564,0,0.21937,0,-1,0,434.16,-207.38,30,1
0.22269,0,0.97489,-0.97489,0,0.22269,0,-1,0,433.76,-205.98,30,1
0.22603,0,0.97412,-0.97412,0,0.22603,0,-1,0,433.35,-204.58,30,1
0.22939,0,0.97333,-0.97333,0,0.22939,0,-1,0,432.93,-203.18,30,1
0.23276,0,0.97253,-0.97253,0,0.23276,0,-1,0,432.51,-201.76,30,1
0.23615,0,0.97172,-0.97172,0,0.23615,0,-1,0,432.08,-200.34,30,1
0.23956,0,0.97088,-0.97088,0,0.23956,0,-1,0,431.64,-198.92,30,1
0.24298,0,0.97003,-0.97003,0,0.24298,0,-1,0,431.19,-197.48,30,1
0.24642,0,0.96916,-0.96916,0,0.24642,0,-1,0,430.73,-196.04,30,1
0.24987,0,0.96828,-0.96828,0,0.24987,0,-1,0,430.27,-194.6,30,1
0.25333,0,0.96738,-0.96738,0,0.25333,0,-1,0,429.8,-193.15,30,1
0.25681,0,0.96646,-0.96646,0,0.25681,0,-1,0,429.33,-191.69,30,1
0.26031,0,0.96553,-0.96553,0,0.26031,0,-1,0,428.84,-190.23,30,1
0.26382,0,0.96457,-0.96457,0,0.26382,0,-1,0,428.35,-188.76,30,1
0.26734,0,0.9636,-0.9636,0,0.26734,0,-1,0,427.85,-187.29,30,1
0.27087,0,0.96261,-0.96261,0,0.27087,0,-1,0,427.34,-185.81,30,1
0.27442,0,0.96161,-0.96161,0,0.27442,0,-1,0,426.82,-184.33,30,1
0.27799,0,0.96059,-0.96059,0,0.27799,0,-1,0,426.3,-182.84,30,1
0.28156,0,0.95954,-0.95954,0,0.28156,0,-1,0,425.77,-181.35,30,1
0.28515,0,0.95848,-0.95848,0,0.28515,0,-1,0,425.23,-179.85,30,1
0.28875,0,0.9574,-0.9574,0,0.28875,0,-1,0,424.68,-178.35,30,1
0.29236,0,0.95631,-0.95631,0,0.29236,0,-1,0,424.12,-176.84,30,1
0.29599,0,0.95519,-0.95519,0,0.29599,0,-1,0,423.56,-175.33,30,1
0.29962,0,0.95406,-0.95406,0,0.29962,0,-1,0,422.98,-173.81,30,1
0.30327,0,0.95291,-0.95291,0,0.30327,0,-1,0,422.4,-172.29,30,1
0.30693,0,0.95173,-0.95173,0,0.30693,0,-1,0,421.81,-170.76,30,1
0.31059,0,0.95054,-0.95054,0,0.31059,0,-1,0,421.22,-169.23,30,1
0.31427,0,0.94933,-0.94933,0,0.31427,0,-1,0,420.61,-167.7,30,1
0.31796,0,0.9481,-0.9481,0,0.31796,0,-1,0,419.99,-166.16,30,1
0.32166,0,0.94685,-0.94685,0,0.32166,0,-1,0,419.37,-164.62,30,1
0.32537,0,0.94559,-0.94559,0,0.32537,0,-1,0,418.74,-163.08,30,1
0.32909,0,0.9443,-0.9443,0,0.32909,0,-1,0,418.1,-161.53,30,1
0.33282,0,0.94299,-0.94299,0,0.33282,0,-1,0,417.45,-159.98,30,1
0.33656,0,0.94166,-0.94166,0,0.33656,0,-1,0,416.79,-158.42,30,1
0.3403,0,0.94032,-0.94032,0,0.3403,0,-1,0,416.13,-156.86,30,1
0.34406,0,0.93895,-0.93895,0,0.34406,0,-1,0,415.45,-155.3,30,1
0.34782,0,0.93756,-0.93756,0,0.34782,0,-1,0,414.77,-153.74,30,1
0.35159,0,0.93615,-0.93615,0,0.35159,0,-1,0,414.08,-152.17,30,1
0.35537,0,0.93473,-0.93473,0,0.35537,0,-1,0,413.37,-150.6,30,1
0.35915,0,0.93328,-0.93328,0,0.35915,0,-1,0,412.66,-149.03,30,1
0.36295,0,0.93181,-0.93181,0,0.36295,0,-1,0,411.95,-147.45,30,1
0.36675,0,0.93032,-0.93032,0,0.36675,0,-1,0,411.22,-145.87,30,1
0.37055,0,0.92881,-0.92881,0,0.37055,0,-1,0,410.48,-144.29,30,1
0.37437,0,0.92728,-0.92728,0,0.37437,0,-1,0,409.74,-142.71,30,1
0.37819,0,0.92573,-0.92573,0,0.37819,0,-1,0,408.98,-141.13,30,1
0.38201,0,0.92416,-0.92416,0,0.38201,0,-1,0,408.22,-139.54,30,1
0.38584,0,0.92257,-0.92257,0,0.38584,0,-1,0,407.44,-137.95,30,1
0.38968,0,0.92095,-0.92095,0,0.38968,0,-1,0,406.66,-136.36,30,1
0.39352,0,0.91932,-0.91932,0,0.39352,0,-1,0,405.87,-134.77,30,1
0.39736,0,0.91766,-0.91766,0,0.39736,0,-1,0,405.07,-133.18,30,1
0.40121,0,0.91599,-0.91599,0,0.40121,0,-1,0,404.26,-131.59,30,1
0.40507,0,0.91429,-0.91429,0,0.40507,0,-1,0,403.45,-129.99,30,1
0.40892,0,0.91257,-0.91257,0,0.40892,0,-1,0,402.62,-128.39,30,1
0.41279,0,0.91083,-0.91083,0,0.41279,0,-1,0,401.78,-126.8,30,1
0.41665,0,0.90907,-0.90907,0,0.41665,0,-1,0,400.94,-125.2,30,1
0.42052,0,0.90728,-0.90728,0,0.42052,0,-1,0,400.08,-123.6,30,1
0.42439,0,0.90548,-0.90548,0,0.42439,0,-1,0,399.22,-122,30,1
0.42826,0,0.90365,-0.90365,0,0.42826,0,-1,0,398.35,-120.4,30,1
0.43214,0,0.90181,-0.90181,0,0.43214,0,-1,0,397.46,-118.79,30,1
0.43602,0,0.89994,-0.89994,0,0.43602,0,-1,0,396.57,-117.19,30,1
0.4399,0,0.89805,-0.89805,0,0.4399,0,-1,0,395.67,-115.59,30,1
0.44378,0,0.89614,-0.89614,0,0.44378,0,-1,0,394.76,-113.99,30,1
0.44766,0,0.8942,-0.8942,0,0.44766,0,-1,0,393.84,-112.39,30,1
0.45155,0,0.89225,-0.89225,0,0.45155,0,-1,0,392.92,-110.79,30,1
0.45543,0,0.89027,-0.89027,0,0.45543,0,-1,0,391.98,-109.18,30,1
