0,0,1,-1,0,0,0,-1,0,323.6,-335.6,237,0
0,0,1,-1,0,0,0,-1,0,323.6,-335.6,236.99,0
0,0,1,-1,0,0,0,-1,0,323.62,-335.6,236.98,0
0,0,1,-1,0,0,0,-1,0,323.64,-335.59,236.94,0
0,0,1,-1,0,0,0,-1,0,323.67,-335.58,236.9,0
0,0,1,-1,0,0,0,-1,0,323.7,-335.57,236.85,0
0,0,1,-1,0,0,0,-1,0,323.75,-335.56,236.78,0
0,0,1,-1,0,0,0,-1,0,323.8,-335.54,236.7,0
0,0,1,-1,0,0,0,-1,0,323.86,-335.53,236.61,0
0,0,1,-1,0,0,0,-1,0,323.93,-335.51,236.51,0
0,0,1,-1,0,0,0,-1,0,324.01,-335.48,236.39,0
0,0,1,-1,0,0,0,-1,0,324.1,-335.46,236.26,0
0,0,1,-1,0,0,0,-1,0,324.19,-335.43,236.13,0
0,0,1,-1,0,0,0,-1,0,324.29,-335.41,235.98,0
0,0,1,-1,0,0,0,-1,0,324.4,-335.37,235.82,0
0,0,1,-1,0,0,0,-1,0,324.52,-335.34,235.64,0
0,0,1,-1,0,0,0,-1,0,324.64,-335.31,235.46,0
0,0,1,-1,0,0,0,-1,0,324.77,-335.27,235.27,0
0,0,1,-1,0,0,0,-1,0,324.91,-335.23,235.06,0
0,0,1,-1,0,0,0,-1,0,325.06,-335.19,234.84,0
0,0,1,-1,0,0,0,-1,0,325.21,-335.15,234.62,0
0,0,1,-1,0,0,0,-1,0,325.37,-335.1,234.38,0
0,0,1,-1,0,0,0,-1,0,325.54,-335.05,234.13,0
0,0,1,-1,0,0,0,-1,0,325.71,-335,233.87,0
0,0,1,-1,0,0,0,-1,0,325.9,-334.95,233.6,0
0,0,1,-1,0,0,0,-1,0,326.09,-334.9,233.32,0
0,0,1,-1,0,0,0,-1,0,326.28,-334.84,233.03,0
0,0,1,-1,0,0,0,-1,0,326.49,-334.79,232.73,0
0,0,1,-1,0,0,0,-1,0,326.7,-334.73,232.42,0
0,0,1,-1,0,0,0,-1,0,326.92,-334.67,232.1,0
0,0,1,-1,0,0,0,-1,0,327.14,-334.6,231.76,0
0,0,1,-1,0,0,0,-1,0,327.37,-334.54,231.42,0
0,0,1,-1,0,0,0,-1,0,327.61,-334.47,231.07,0
0,0,1,-1,0,0,0,-1,0,327.85,-334.4,230.71,0
0,0,1,-1,0,0,0,-1,0,328.1,-334.33,230.34,0
0,0,1,-1,0,0,0,-1,0,328.36,-334.26,229.96,0
0,0,1,-1,0,0,0,-1,0,328.62,-334.19,229.57,0
0,0,1,-1,0,0,0,-1,0,328.89,-334.11,229.17,0
0,0,1,-1,0,0,0,-1,0,329.17,-334.03,228.76,0
0,0,1,-1,0,0,0,-1,0,329.45,-333.95,228.34,0
0,0,1,-1,0,0,0,-1,0,329.74,-333.87,227.91,0
0,0,1,-1,0,0,0,-1,0,330.04,-333.79,227.48,0
0,0,1,-1,0,0,0,-1,0,330.34,-333.7,227.03,0
0,0,1,-1,0,0,0,-1,0,330.65,-333.62,226.58,0
0,0,1,-1,0,0,0,-1,0,330.96,-333.53,226.11,0
0,0,1,-1,0,0,0,-1,0,331.28,-333.44,225.64,0
0,0,1,-1,0,0,0,-1,0,331.6,-333.35,225.16,0
0,0,1,-1,0,0,0,-1,0,331.94,-333.25,224.67,0
0,0,1,-1,0,0,0,-1,0,332.27,-333.16,224.17,0
0,0,1,-1,0,0,0,-1,0,332.61,-333.06,223.66,0
0,0,1,-1,0,0,0,-1,0,332.96,-332.96,223.15,0
0,0,1,-1,0,0,0,-1,0,333.32,-332.86,222.62,0
0,0,1,-1,0,0,0,-1,0,333.68,-332.76,222.09,0
0,0,1,-1,0,0,0,-1,0,334.04,-332.66,221.55,0
0,0,1,-1,0,0,0,-1,0,334.41,-332.55,221,0
0,0,1,-1,0,0,0,-1,0,334.79,-332.45,220.45,0
0,0,1,-1,0,0,0,-1,0,335.17,-332.34,219.88,0
0,0,1,-1,0,0,0,-1,0,335.56,-332.23,219.31,0
0,0,1,-1,0,0,0,-1,0,335.95,-332.12,218.73,0
0,0,1,-1,0,0,0,-1,0,336.34,-332.01,218.15,0
0,0,1,-1,0,0,0,-1,0,336.75,-331.9,217.55,0
0,0,1,-1,0,0,0,-1,0,337.15,-331.78,216.95,0
0,0,1,-1,0,0,0,-1,0,337.56,-331.67,216.34,0
0,0,1,-1,0,0,0,-1,0,337.98,-331.55,215.72,0
0,0,1,-1,0,0,0,-1,0,338.4,-331.43,215.1,0
0,0,1,-1,0,0,0,-1,0,338.83,-331.31,214.47,0
0,0,1,-1,0,0,0,-1,0,339.26,-331.19,213.83,0
0,0,1,-1,0,0,0,-1,0,339.7,-331.07,213.18,0
0,0,1,-1,0,0,0,-1,0,340.14,-330.94,212.53,0
0,0,1,-1,0,0,0,-1,0,340.58,-330.82,211.87,0
0,0,1,-1,0,0,0,-1,0,341.03,-330.69,211.21,0
0,0,1,-1,0,0,0,-1,0,341.49,-330.56,210.54,0
0,0,1,-1,0,0,0,-1,0,341.95,-330.43,209.86,0
0,0,1,-1,0,0,0,-1,0,342.41,-330.3,209.17,0
0,0,1,-1,0,0,0,-1,0,342.88,-330.17,208.48,0
0,0,1,-1,0,0,0,-1,0,343.35,-330.04,207.78,0
0,0,1,-1,0,0,0,-1,0,343.83,-329.9,207.08,0
0,0,1,-1,0,0,0,-1,0,344.31,-329.77,206.37,0
0,0,1,-1,0,0,0,-1,0,344.79,-329.63,205.65,0
0,0,1,-1,0,0,0,-1,0,345.28,-329.49,204.93,0
0,0,1,-1,0,0,0,-1,0,345.77,-329.36,204.2,0
0,0,1,-1,0,0,0,-1,0,346.27,-329.22,203.46,0
0,0,1,-1,0,0,0,-1,0,346.77,-329.07,202.72,0
0,0,1,-1,0,0,0,-1,0,347.27,-328.93,201.98,0
0,0,1,-1,0,0,0,-1,0,347.78,-328.79,201.23,0
0,0,1,-1,0,0,0,-1,0,348.29,-328.65,200.47,0
0,0,1,-1,0,0,0,-1,0,348.81,-328.5,199.71,0
0,0,1,-1,0,0,0,-1,0,349.33,-328.35,198.94,0
0,0,1,-1,0,0,0,-1,0,349.85,-328.21,198.17,0
0,0,1,-1,0,0,0,-1,0,350.37,-328.06,197.39,0
0,0,1,-1,0,0,0,-1,0,350.9,-327.91,196.61,0
0,0,1,-1,0,0,0,-1,0,351.43,-327.76,195.82,0
0,0,1,-1,0,0,0,-1,0,351.97,-327.61,195.03,0
0,0,1,-1,0,0,0,-1,0,352.51,-327.46,194.23,0
0,0,1,-1,0,0,0,-1,0,353.05,-327.3,193.43,0
0,0,1,-1,0,0,0,-1,0,353.6,-327.15,192.62,0
0,0,1,-1,0,0,0,-1,0,354.15,-327,191.81,0
0,0,1,-1,0,0,0,-1,0,354.7,-326.84,190.99,0
0,0,1,-1,0,0,0,-1,0,355.25,-326.69,190.17,0
0,0,1,-1,0,0,0,-1,0,355.81,-326.53,189.35,0
0,0,1,-1,0,0,0,-1,0,356.37,-326.37,188.52,0
0,0,1,-1,0,0,0,-1,0,356.93,-326.21,187.69,0
0,0,1,-1,0,0,0,-1,0,357.5,-326.05,186.85,0
0,0,1,-1,0,0,0,-1,0,358.07,-325.89,186.01,0
0,0,1,-1,0,0,0,-1,0,358.64,-325.73,185.16,0
0,0,1,-1,0,0,0,-1,0,359.21,-325.57,184.31,0
0,0,1,-1,0,0,0,-1,0,359.79,-325.41,183.46,0
0,0,1,-1,0,0,0,-1,0,360.37,-325.24,182.6,0
0,0,1,-1,0,0,0,-1,0,360.95,-325.08,181.74,0
0,0,1,-1,0,0,0,-1,0,361.53,-324.92,180.88,0
0,0,1,-1,0,0,0,-1,0,362.12,-324.75,180.01,0
0,0,1,-1,0,0,0,-1,0,362.71,-324.59,179.14,0
0,0,1,-1,0,0,0,-1,0,363.3,-324.42,178.27,0
0,0,1,-1,0,0,0,-1,0,363.89,-324.25,177.39,0
0,0,1,-1,0,0,0,-1,0,364.48,-324.08,176.51,0
0,0,1,-1,0,0,0,-1,0,365.08,-323.92,175.63,0
0,0,1,-1,0,0,0,-1,0,365.68,-323.75,174.75,0
0,0,1,-1,0,0,0,-1,0,366.28,-323.58,173.86,0
0,0,1,-1,0,0,0,-1,0,366.88,-323.41,172.97,0
0,0,1,-1,0,0,0,-1,0,367.49,-323.24,172.07,0
0,0,1,-1,0,0,0,-1,0,368.09,-323.07,171.18,0
0,0,1,-1,0,0,0,-1,0,368.7,-322.9,170.28,0
0,0,1,-1,0,0,0,-1,0,369.31,-322.73,169.38,0
0,0,1,-1,0,0,0,-1,0,369.92,-322.55,168.47,0
0,0,1,-1,0,0,0,-1,0,370.53,-322.38,167.57,0
0,0,1,-1,0,0,0,-1,0,371.15,-322.21,166.66,0
0,0,1,-1,0,0,0,-1,0,371.76,-322.04,165.75,0
0,0,1,-1,0,0,0,-1,0,372.38,-321.86,164.84,0
0,0,1,-1,0,0,0,-1,0,373,-321.69,163.92,0
0,0,1,-1,0,0,0,-1,0,373.61,-321.51,163.01,0
0,0,1,-1,0,0,0,-1,0,374.23,-321.34,162.09,0
0,0,1,-1,0,0,0,-1,0,374.86,-321.16,161.17,0
0,0,1,-1,0,0,0,-1,0,375.48,-320.99,160.25,0
0,0,1,-1,0,0,0,-1,0,376.1,-320.81,159.33,0
0,0,1,-1,0,0,0,-1,0,376.73,-320.64,158.4,0
0,0,1,-1,0,0,0,-1,0,377.35,-320.46,157.48,0
0,0,1,-1,0,0,0,-1,0,377.98,-320.28,156.55,0
0,0,1,-1,0,0,0,-1,0,378.6,-320.11,155.62,0
0,0,1,-1,0,0,0,-1,0,379.23,-319.93,154.7,0
0,0,1,-1,0,0,0,-1,0,379.86,-319.75,153.77,0
0,0,1,-1,0,0,0,-1,0,380.49,-319.58,152.84,0
0,0,1,-1,0,0,0,-1,0,381.12,-319.4,151.9,0
0,0,1,-1,0,0,0,-1,0,381.75,-319.22,150.97,0
0,0,1,-1,0,0,0,-1,0,382.38,-319.05,150.04,0
0,0,1,-1,0,0,0,-1,0,383.01,-318.87,149.11,0
0,0,1,-1,0,0,0,-1,0,383.64,-318.69,148.17,0
0,0,1,-1,0,0,0,-1,0,384.27,-318.51,147.24,0
0,0,1,-1,0,0,0,-1,0,384.9,-318.33,146.3,0
0,0,1,-1,0,0,0,-1,0,385.54,-318.16,145.37,0
0,0,1,-1,0,0,0,-1,0,386.17,-317.98,144.43,0
0,0,1,-1,0,0,0,-1,0,386.8,-317.8,143.5,0
0,0,1,-1,0,0,0,-1,0,387.43,-317.62,142.57,0
0,0,1,-1,0,0,0,-1,0,388.06,-317.44,141.63,0
0,0,1,-1,0,0,0,-1,0,388.7,-317.27,140.7,0
0,0,1,-1,0,0,0,-1,0,389.33,-317.09,139.76,0
0,0,1,-1,0,0,0,-1,0,389.96,-316.91,138.83,0
0,0,1,-1,0,0,0,-1,0,390.59,-316.73,137.89,0
0,0,1,-1,0,0,0,-1,0,391.22,-316.55,136.96,0
0,0,1,-1,0,0,0,-1,0,391.85,-316.38,136.03,0
0,0,1,-1,0,0,0,-1,0,392.48,-316.2,135.1,0
0,0,1,-1,0,0,0,-1,0,393.11,-316.02,134.16,0
0,0,1,-1,0,0,0,-1,0,393.74,-315.85,133.23,0
0,0,1,-1,0,0,0,-1,0,394.37,-315.67,132.3,0
0,0,1,-1,0,0,0,-1,0,395,-315.49,131.38,0
0,0,1,-1,0,0,0,-1,0,395.62,-315.32,130.45,0
0,0,1,-1,0,0,0,-1,0,396.25,-315.14,129.52,0
0,0,1,-1,0,0,0,-1,0,396.87,-314.96,128.6,0
0,0,1,-1,0,0,0,-1,0,397.5,-314.79,127.67,0
0,0,1,-1,0,0,0,-1,0,398.12,-314.61,126.75,0
0,0,1,-1,0,0,0,-1,0,398.74,-314.44,125.83,0
0,0,1,-1,0,0,0,-1,0,399.37,-314.26,124.91,0
0,0,1,-1,0,0,0,-1,0,399.99,-314.09,123.99,0
0,0,1,-1,0,0,0,-1,0,400.6,-313.91,123.08,0
0,0,1,-1,0,0,0,-1,0,401.22,-313.74,122.16,0
0,0,1,-1,0,0,0,-1,0,401.84,-313.56,121.25,0
0,0,1,-1,0,0,0,-1,0,402.45,-313.39,120.34,0
0,0,1,-1,0,0,0,-1,0,403.07,-313.22,119.43,0
0,0,1,-1,0,0,0,-1,0,403.68,-313.05,118.53,0
0,0,1,-1,0,0,0,-1,0,404.29,-312.87,117.62,0
0,0,1,-1,0,0,0,-1,0,404.9,-312.7,116.72,0
0,0,1,-1,0,0,0,-1,0,405.51,-312.53,115.82,0
0,0,1,-1,0,0,0,-1,0,406.11,-312.36,114.93,0
0,0,1,-1,0,0,0,-1,0,406.72,-312.19,114.03,0
0,0,1,-1,0,0,0,-1,0,407.32,-312.02,113.14,0
0,0,1,-1,0,0,0,-1,0,407.92,-311.85,112.25,0
0,0,1,-1,0,0,0,-1,0,408.52,-311.68,111.37,0
0,0,1,-1,0,0,0,-1,0,409.12,-311.52,110.49,0
0,0,1,-1,0,0,0,-1,0,409.71,-311.35,109.61,0
0,0,1,-1,0,0,0,-1,0,410.3,-311.18,108.73,0
0,0,1,-1,0,0,0,-1,0,410.89,-311.01,107.86,0
0,0,1,-1,0,0,0,-1,0,411.48,-310.85,106.99,0
0,0,1,-1,0,0,0,-1,0,412.07,-310.68,106.12,0
0,0,1,-1,0,0,0,-1,0,412.65,-310.52,105.26,0
0,0,1,-1,0,0,0,-1,0,413.23,-310.36,104.4,0
0,0,1,-1,0,0,0,-1,0,413.81,-310.19,103.54,0
0,0,1,-1,0,0,0,-1,0,414.39,-310.03,102.69,0
0,0,1,-1,0,0,0,-1,0,414.96,-309.87,101.84,0
0,0,1,-1,0,0,0,-1,0,415.53,-309.71,100.99,0
0,0,1,-1,0,0,0,-1,0,416.1,-309.55,100.15,0
0,0,1,-1,0,0,0,-1,0,416.67,-309.39,99.315,0
0,0,1,-1,0,0,0,-1,0,417.23,-309.23,98.481,0
0,0,1,-1,0,0,0,-1,0,417.79,-309.07,97.652,0
0,0,1,-1,0,0,0,-1,0,418.35,-308.91,96.828,0
0,0,1,-1,0,0,0,-1,0,418.9,-308.76,96.007,0
0,0,1,-1,0,0,0,-1,0,419.45,-308.6,95.191,0
0,0,1,-1,0,0,0,-1,0,420,-308.45,94.38,0
0,0,1,-1,0,0,0,-1,0,420.55,-308.3,93.573,0
0,0,1,-1,0,0,0,-1,0,421.09,-308.14,92.77,0
0,0,1,-1,0,0,0,-1,0,421.63,-307.99,91.973,0
0,0,1,-1,0,0,0,-1,0,422.17,-307.84,91.18,0
0,0,1,-1,0,0,0,-1,0,422.7,-307.69,90.392,0
0,0,1,-1,0,0,0,-1,0,423.23,-307.54,89.609,0
0,0,1,-1,0,0,0,-1,0,423.75,-307.39,88.831,0
0,0,1,-1,0,0,0,-1,0,424.27,-307.25,88.059,0
0,0,1,-1,0,0,0,-1,0,424.79,-307.1,87.291,0
0,0,1,-1,0,0,0,-1,0,425.31,-306.95,86.529,0
0,0,1,-1,0,0,0,-1,0,425.82,-306.81,85.772,0
0,0,1,-1,0,0,0,-1,0,426.33,-306.67,85.021,0
0,0,1,-1,0,0,0,-1,0,426.83,-306.53,84.275,0
0,0,1,-1,0,0,0,-1,0,427.33,-306.38,83.535,0
0,0,1,-1,0,0,0,-1,0,427.83,-306.24,82.801,0
0,0,1,-1,0,0,0,-1,0,428.32,-306.11,82.073,0
0,0,1,-1,0,0,0,-1,0,428.81,-305.97,81.35,0
0,0,1,-1,0,0,0,-1,0,429.29,-305.83,80.634,0
0,0,1,-1,0,0,0,-1,0,429.77,-305.7,79.923,0
0,0,1,-1,0,0,0,-1,0,430.25,-305.56,79.219,0
0,0,1,-1,0,0,0,-1,0,430.72,-305.43,78.521,0
0,0,1,-1,0,0,0,-1,0,431.19,-305.3,77.829,0
0,0,1,-1,0,0,0,-1,0,431.65,-305.17,77.143,0
0,0,1,-1,0,0,0,-1,0,432.11,-305.04,76.465,0
0,0,1,-1,0,0,0,-1,0,432.57,-304.91,75.792,0
0,0,1,-1,0,0,0,-1,0,433.02,-304.78,75.126,0
0,0,1,-1,0,0,0,-1,0,433.46,-304.66,74.467,0
0,0,1,-1,0,0,0,-1,0,433.9,-304.53,73.815,0
0,0,1,-1,0,0,0,-1,0,434.34,-304.41,73.17,0
0,0,1,-1,0,0,0,-1,0,434.77,-304.29,72.532,0
0,0,1,-1,0,0,0,-1,0,435.2,-304.17,71.901,0
0,0,1,-1,0,0,0,-1,0,435.62,-304.05,71.276,0
0,0,1,-1,0,0,0,-1,0,436.04,-303.93,70.66,0
0,0,1,-1,0,0,0,-1,0,436.45,-303.82,70.05,0
0,0,1,-1,0,0,0,-1,0,436.85,-303.7,69.448,0
0,0,1,-1,0,0,0,-1,0,437.26,-303.59,68.853,0
0,0,1,-1,0,0,0,-1,0,437.65,-303.48,68.266,0
0,0,1,-1,0,0,0,-1,0,438.04,-303.37,67.687,0
0,0,1,-1,0,0,0,-1,0,438.43,-303.26,67.115,0
0,0,1,-1,0,0,0,-1,0,438.81,-303.15,66.551,0
0,0,1,-1,0,0,0,-1,0,439.19,-303.05,65.995,0
0,0,1,-1,0,0,0,-1,0,439.56,-302.94,65.447,0
0,0,1,-1,0,0,0,-1,0,439.92,-302.84,64.907,0
0,0,1,-1,0,0,0,-1,0,440.28,-302.74,64.375,0
0,0,1,-1,0,0,0,-1,0,440.64,-302.64,63.852,0
0,0,1,-1,0,0,0,-1,0,440.99,-302.54,63.337,0
0,0,1,-1,0,0,0,-1,0,441.33,-302.44,62.83,0
0,0,1,-1,0,0,0,-1,0,441.66,-302.35,62.331,0
0,0,1,-1,0,0,0,-1,0,442,-302.25,61.841,0
0,0,1,-1,0,0,0,-1,0,442.32,-302.16,61.36,0
0,0,1,-1,0,0,0,-1,0,442.64,-302.07,60.888,0
0,0,1,-1,0,0,0,-1,0,442.95,-301.98,60.424,0
0,0,1,-1,0,0,0,-1,0,443.26,-301.9,59.969,0
0,0,1,-1,0,0,0,-1,0,443.56,-301.81,59.524,0
0,0,1,-1,0,0,0,-1,0,443.86,-301.73,59.087,0
0,0,1,-1,0,0,0,-1,0,444.15,-301.65,58.659,0
0,0,1,-1,0,0,0,-1,0,444.43,-301.57,58.241,0
0,0,1,-1,0,0,0,-1,0,444.71,-301.49,57.832,0
0,0,1,-1,0,0,0,-1,0,444.98,-301.41,57.432,0
0,0,1,-1,0,0,0,-1,0,445.24,-301.34,57.042,0
0,0,1,-1,0,0,0,-1,0,445.5,-301.27,56.661,0
0,0,1,-1,0,0,0,-1,0,445.75,-301.2,56.29,0
0,0,1,-1,0,0,0,-1,0,445.99,-301.13,55.929,0
0,0,1,-1,0,0,0,-1,0,446.23,-301.06,55.578,0
0,0,1,-1,0,0,0,-1,0,446.46,-301,55.236,0
0,0,1,-1,0,0,0,-1,0,446.68,-300.93,54.904,0
0,0,1,-1,0,0,0,-1,0,446.9,-300.87,54.583,0
0,0,1,-1,0,0,0,-1,0,447.11,-300.81,54.271,0
0,0,1,-1,0,0,0,-1,0,447.32,-300.76,53.97,0
0,0,1,-1,0,0,0,-1,0,447.51,-300.7,53.679,0
0,0,1,-1,0,0,0,-1,0,447.7,-300.65,53.399,0
0,0,1,-1,0,0,0,-1,0,447.89,-300.6,53.129,0
0,0,1,-1,0,0,0,-1,0,448.06,-300.55,52.869,0
0,0,1,-1,0,0,0,-1,0,448.23,-300.5,52.621,0
0,0,1,-1,0,0,0,-1,0,448.39,-300.45,52.383,0
0,0,1,-1,0,0,0,-1,0,448.54,-300.41,52.155,0
0,0,1,-1,0,0,0,-1,0,448.69,-300.37,51.939,0
0,0,1,-1,0,0,0,-1,0,448.83,-300.33,51.733,0
0,0,1,-1,0,0,0,-1,0,448.96,-300.29,51.539,0
0,0,1,-1,0,0,0,-1,0,449.08,-300.26,51.356,0
0,0,1,-1,0,0,0,-1,0,449.2,-300.23,51.184,0
0,0,1,-1,0,0,0,-1,0,449.31,-300.19,51.023,0
0,0,1,-1,0,0,0,-1,0,449.41,-300.17,50.874,0
0,0,1,-1,0,0,0,-1,0,449.5,-300.14,50.736,0
0,0,1,-1,0,0,0,-1,0,449.59,-300.12,50.609,0
0,0,1,-1,0,0,0,-1,0,449.67,-300.09,50.495,0
0,0,1,-1,0,0,0,-1,0,449.74,-300.07,50.392,0
0,0,1,-1,0,0,0,-1,0,449.8,-300.06,50.301,0
0,0,1,-1,0,0,0,-1,0,449.85,-300.04,50.221,0
0,0,1,-1,0,0,0,-1,0,449.9,-300.03,50.154,0
0,0,1,-1,0,0,0,-1,0,449.93,-300.02,50.099,0
0,0,1,-1,0,0,0,-1,0,449.96,-300.01,50.056,0
0,0,1,-1,0,0,0,-1,0,449.98,-300,50.025,0
0,0,1,-1,0,0,0,-1,0,450,-300,50.006,0
0,0,1,-1,0,0,0,-1,0,450,-300,50,0
0,0,1,-1,0,0,0,-1,0,450,-300,50,0
0,0,1,-1,0,0,0,-1,0,450,-300,49.996,0
0,0,1,-1,0,0,0,-1,0,450,-300,49.985,0
0,0,1,-1,0,0,0,-1,0,450,-300,49.967,0
0,0,1,-1,0,0,0,-1,0,450,-300,49.941,0
0,0,1,-1,0,0,0,-1,0,450,-300,49.908,0
0,0,1,-1,0,0,0,-1,0,450,-300,49.868,0
0,0,1,-1,0,0,0,-1,0,450,-300,49.821,0
0,0,1,-1,0,0,0,-1,0,450,-300,49.766,0
0,0,1,-1,0,0,0,-1,0,450,-300,49.705,0
0,0,1,-1,0,0,0,-1,0,450,-300,49.638,0
0,0,1,-1,0,0,0,-1,0,450,-300,49.563,0
0,0,1,-1,0,0,0,-1,0,450,-300,49.482,0
0,0,1,-1,0,0,0,-1,0,450,-300,49.394,0
0,0,1,-1,0,0,0,-1,0,450,-300,49.299,0
0,0,1,-1,0,0,0,-1,0,450,-300,49.198,0
0,0,1,-1,0,0,0,-1,0,450,-300,49.091,0
0,0,1,-1,0,0,0,-1,0,450,-300,48.978,0
0,0,1,-1,0,0,0,-1,0,450,-300,48.858,0
0,0,1,-1,0,0,0,-1,0,450,-300,48.732,0
0,0,1,-1,0,0,0,-1,0,450,-300,48.6,0
0,0,1,-1,0,0,0,-1,0,450,-300,48.462,0
0,0,1,-1,0,0,0,-1,0,450,-300,48.318,0
0,0,1,-1,0,0,0,-1,0,450,-300,48.168,0
0,0,1,-1,0,0,0,-1,0,450,-300,48.013,0
0,0,1,-1,0,0,0,-1,0,450,-300,47.852,0
0,0,1,-1,0,0,0,-1,0,450,-300,47.685,0
0,0,1,-1,0,0,0,-1,0,450,-300,47.512,0
0,0,1,-1,0,0,0,-1,0,450,-300,47.334,0
0,0,1,-1,0,0,0,-1,0,450,-300,47.151,0
0,0,1,-1,0,0,0,-1,0,450,-300,46.962,0
0,0,1,-1,0,0,0,-1,0,450,-300,46.769,0
0,0,1,-1,0,0,0,-1,0,450,-300,46.57,0
0,0,1,-1,0,0,0,-1,0,450,-300,46.365,0
0,0,1,-1,0,0,0,-1,0,450,-300,46.156,0
0,0,1,-1,0,0,0,-1,0,450,-300,45.942,0
0,0,1,-1,0,0,0,-1,0,450,-300,45.723,0
0,0,1,-1,0,0,0,-1,0,450,-300,45.499,0
0,0,1,-1,0,0,0,-1,0,450,-300,45.271,0
0,0,1,-1,0,0,0,-1,0,450,-300,45.038,0
0,0,1,-1,0,0,0,-1,0,450,-300,44.8,0
0,0,1,-1,0,0,0,-1,0,450,-300,44.558,0
0,0,1,-1,0,0,0,-1,0,450,-300,44.311,0
0,0,1,-1,0,0,0,-1,0,450,-300,44.06,0
0,0,1,-1,0,0,0,-1,0,450,-300,43.805,0
0,0,1,-1,0,0,0,-1,0,450,-300,43.545,0
0,0,1,-1,0,0,0,-1,0,450,-300,43.282,0
0,0,1,-1,0,0,0,-1,0,450,-300,43.014,0
0,0,1,-1,0,0,0,-1,0,450,-300,42.742,0
0,0,1,-1,0,0,0,-1,0,450,-300,42.467,0
0,0,1,-1,0,0,0,-1,0,450,-300,42.188,0
0,0,1,-1,0,0,0,-1,0,450,-300,41.904,0
0,0,1,-1,0,0,0,-1,0,450,-300,41.618,0
0,0,1,-1,0,0,0,-1,0,450,-300,41.327,0
0,0,1,-1,0,0,0,-1,0,450,-300,41.033,0
0,0,1,-1,0,0,0,-1,0,450,-300,40.736,0
0,0,1,-1,0,0,0,-1,0,450,-300,40.435,0
0,0,1,-1,0,0,0,-1,0,450,-300,40.131,0
0,0,1,-1,0,0,0,-1,0,450,-300,39.824,0
0,0,1,-1,0,0,0,-1,0,450,-300,39.513,0
0,0,1,-1,0,0,0,-1,0,450,-300,39.2,0
0,0,1,-1,0,0,0,-1,0,450,-300,38.884,0
0,0,1,-1,0,0,0,-1,0,450,-300,38.564,0
0,0,1,-1,0,0,0,-1,0,450,-300,38.242,0
0,0,1,-1,0,0,0,-1,0,450,-300,37.917,0
0,0,1,-1,0,0,0,-1,0,450,-300,37.589,0
0,0,1,-1,0,0,0,-1,0,450,-300,37.259,0
0,0,1,-1,0,0,0,-1,0,450,-300,36.926,0
0,0,1,-1,0,0,0,-1,0,450,-300,36.59,0
0,0,1,-1,0,0,0,-1,0,450,-300,36.253,0
0,0,1,-1,0,0,0,-1,0,450,-300,35.912,0
0,0,1,-1,0,0,0,-1,0,450,-300,35.57,0
0,0,1,-1,0,0,0,-1,0,450,-300,35.226,0
0,0,1,-1,0,0,0,-1,0,450,-300,34.879,0
0,0,1,-1,0,0,0,-1,0,450,-300,34.53,0
0,0,1,-1,0,0,0,-1,0,450,-300,34.18,0
0,0,1,-1,0,0,0,-1,0,450,-300,33.827,0
0,0,1,-1,0,0,0,-1,0,450,-300,33.473,0
0,0,1,-1,0,0,0,-1,0,450,-300,33.117,0
0,0,1,-1,0,0,0,-1,0,450,-300,32.759,0
0,0,1,-1,0,0,0,-1,0,450,-300,32.4,0
0,0,1,-1,0,0,0,-1,0,450,-300,32.039,0
0,0,1,-1,0,0,0,-1,0,450,-300,31.677,0
0,0,1,-1,0,0,0,-1,0,450,-300,31.314,0
0,0,1,-1,0,0,0,-1,0,450,-300,30.949,0
0,0,1,-1,0,0,0,-1,0,450,-300,30.583,0
0,0,1,-1,0,0,0,-1,0,450,-300,30.216,0
0,0,1,-1,0,0,0,-1,0,450,-300,29.848,0
0,0,1,-1,0,0,0,-1,0,450,-300,29.478,0
0,0,1,-1,0,0,0,-1,0,450,-300,29.108,0
0,0,1,-1,0,0,0,-1,0,450,-300,28.738,0
0,0,1,-1,0,0,0,-1,0,450,-300,28.366,0
0,0,1,-1,0,0,0,-1,0,450,-300,27.994,0
0,0,1,-1,0,0,0,-1,0,450,-300,27.621,0
0,0,1,-1,0,0,0,-1,0,450,-300,27.247,0
0,0,1,-1,0,0,0,-1,0,450,-300,26.873,0
0,0,1,-1,0,0,0,-1,0,450,-300,26.499,0
0,0,1,-1,0,0,0,-1,0,450,-300,26.125,0
0,0,1,-1,0,0,0,-1,0,450,-300,25.75,0
0,0,1,-1,0,0,0,-1,0,450,-300,25.375,0
0,0,1,-1,0,0,0,-1,0,450,-300,25,0
0,0,1,-1,0,0,0,-1,0,450,-300,24.625,0
0,0,1,-1,0,0,0,-1,0,450,-300,24.25,0
0,0,1,-1,0,0,0,-1,0,450,-300,23.875,0
0,0,1,-1,0,0,0,-1,0,450,-300,23.501,0
0,0,1,-1,0,0,0,-1,0,450,-300,23.127,0
0,0,1,-1,0,0,0,-1,0,450,-300,22.753,0
0,0,1,-1,0,0,0,-1,0,450,-300,22.379,0
0,0,1,-1,0,0,0,-1,0,450,-300,22.006,0
0,0,1,-1,0,0,0,-1,0,450,-300,21.634,0
0,0,1,-1,0,0,0,-1,0,450,-300,21.262,0
0,0,1,-1,0,0,0,-1,0,450,-300,20.892,0
0,0,1,-1,0,0,0,-1,0,450,-300,20.522,0
0,0,1,-1,0,0,0,-1,0,450,-300,20.152,0
0,0,1,-1,0,0,0,-1,0,450,-300,19.784,0
0,0,1,-1,0,0,0,-1,0,450,-300,19.417,0
0,0,1,-1,0,0,0,-1,0,450,-300,19.051,0
0,0,1,-1,0,0,0,-1,0,450,-300,18.686,0
0,0,1,-1,0,0,0,-1,0,450,-300,18.323,0
0,0,1,-1,0,0,0,-1,0,450,-300,17.961,0
0,0,1,-1,0,0,0,-1,0,450,-300,17.6,0
0,0,1,-1,0,0,0,-1,0,450,-300,17.241,0
0,0,1,-1,0,0,0,-1,0,450,-300,16.883,0
0,0,1,-1,0,0,0,-1,0,450,-300,16.527,0
0,0,1,-1,0,0,0,-1,0,450,-300,16.173,0
0,0,1,-1,0,0,0,-1,0,450,-300,15.82,0
0,0,1,-1,0,0,0,-1,0,450,-300,15.47,0
0,0,1,-1,0,0,0,-1,0,450,-300,15.121,0
0,0,1,-1,0,0,0,-1,0,450,-300,14.774,0
0,0,1,-1,0,0,0,-1,0,450,-300,14.43,0
0,0,1,-1,0,0,0,-1,0,450,-300,14.087,0
0,0,1,-1,0,0,0,-1,0,450,-300,13.747,0
0,0,1,-1,0,0,0,-1,0,450,-300,13.41,0
0,0,1,-1,0,0,0,-1,0,450,-300,13.074,0
0,0,1,-1,0,0,0,-1,0,450,-300,12.741,0
0,0,1,-1,0,0,0,-1,0,450,-300,12.411,0
0,0,1,-1,0,0,0,-1,0,450,-300,12.083,0
0,0,1,-1,0,0,0,-1,0,450,-300,11.758,0
0,0,1,-1,0,0,0,-1,0,450,-300,11.436,0
0,0,1,-1,0,0,0,-1,0,450,-300,11.116,0
0,0,1,-1,0,0,0,-1,0,450,-300,10.8,0
0,0,1,-1,0,0,0,-1,0,450,-300,10.487,0
0,0,1,-1,0,0,0,-1,0,450,-300,10.176,0
0,0,1,-1,0,0,0,-1,0,450,-300,9.8688,0
0,0,1,-1,0,0,0,-1,0,450,-300,9.5648,0
0,0,1,-1,0,0,0,-1,0,450,-300,9.2641,0
0,0,1,-1,0,0,0,-1,0,450,-300,8.9667,0
0,0,1,-1,0,0,0,-1,0,450,-300,8.6728,0
0,0,1,-1,0,0,0,-1,0,450,-300,8.3824,0
0,0,1,-1,0,0,0,-1,0,450,-300,8.0956,0
0,0,1,-1,0,0,0,-1,0,450,-300,7.8125,0
0,0,1,-1,0,0,0,-1,0,450,-300,7.5331,0
0,0,1,-1,0,0,0,-1,0,450,-300,7.2576,0
0,0,1,-1,0,0,0,-1,0,450,-300,6.986,0
0,0,1,-1,0,0,0,-1,0,450,-300,6.7183,0
0,0,1,-1,0,0,0,-1,0,450,-300,6.4547,0
0,0,1,-1,0,0,0,-1,0,450,-300,6.1952,0
0,0,1,-1,0,0,0,-1,0,450,-300,5.9399,0
0,0,1,-1,0,0,0,-1,0,450,-300,5.6889,0
0,0,1,-1,0,0,0,-1,0,450,-300,5.4422,0
0,0,1,-1,0,0,0,-1,0,450,-300,5.2,0
0,0,1,-1,0,0,0,-1,0,450,-300,4.9623,0
0,0,1,-1,0,0,0,-1,0,450,-300,4.7291,0
0,0,1,-1,0,0,0,-1,0,450,-300,4.5006,0
0,0,1,-1,0,0,0,-1,0,450,-300,4.2768,0
0,0,1,-1,0,0,0,-1,0,450,-300,4.0578,0
0,0,1,-1,0,0,0,-1,0,450,-300,3.8437,0
0,0,1,-1,0,0,0,-1,0,450,-300,3.6345,0
0,0,1,-1,0,0,0,-1,0,450,-300,3.4304,0
0,0,1,-1,0,0,0,-1,0,450,-300,3.2314,0
0,0,1,-1,0,0,0,-1,0,450,-300,3.0375,0
0,0,1,-1,0,0,0,-1,0,450,-300,2.8489,0
0,0,1,-1,0,0,0,-1,0,450,-300,2.6656,0
0,0,1,-1,0,0,0,-1,0,450,-300,2.4877,0
0,0,1,-1,0,0,0,-1,0,450,-300,2.3153,0
0,0,1,-1,0,0,0,-1,0,450,-300,2.1484,0
0,0,1,-1,0,0,0,-1,0,450,-300,1.9872,0
0,0,1,-1,0,0,0,-1,0,450,-300,1.8317,0
0,0,1,-1,0,0,0,-1,0,450,-300,1.6819,0
0,0,1,-1,0,0,0,-1,0,450,-300,1.538,0
0,0,1,-1,0,0,0,-1,0,450,-300,1.4,0
0,0,1,-1,0,0,0,-1,0,450,-300,1.268,0
0,0,1,-1,0,0,0,-1,0,450,-300,1.1421,0
0,0,1,-1,0,0,0,-1,0,450,-300,1.0223,0
0,0,1,-1,0,0,0,-1,0,450,-300,0.9088,0
0,0,1,-1,0,0,0,-1,0,450,-300,0.80156,0
0,0,1,-1,0,0,0,-1,0,450,-300,0.7007,0
0,0,1,-1,0,0,0,-1,0,450,-300,0.60629,0
0,0,1,-1,0,0,0,-1,0,450,-300,0.5184,0
0,0,1,-1,0,0,0,-1,0,450,-300,0.43711,0
0,0,1,-1,0,0,0,-1,0,450,-300,0.3625,0
0,0,1,-1,0,0,0,-1,0,450,-300,0.29464,0
0,0,1,-1,0,0,0,-1,0,450,-300,0.2336,0
0,0,1,-1,0,0,0,-1,0,450,-300,0.17946,0
0,0,1,-1,0,0,0,-1,0,450,-300,0.1323,0
0,0,1,-1,0,0,0,-1,0,450,-300,0.092188,0
0,0,1,-1,0,0,0,-1,0,450,-300,0.0592,0
0,0,1,-1,0,0,0,-1,0,450,-300,0.033412,0
0,0,1,-1,0,0,0,-1,0,450,-300,0.0149,0
0,0,1,-1,0,0,0,-1,0,450,-300,0.0037375,0
0,0,1,-1,0,0,0,-1,0,450,-300,0,0
0,0,1,-1,0,0,0,-1,0,450,-300,0,1
0,0,1,-1,0,0,0,-1,0,450,-300,0.0037375,1
0,0,1,-1,0,0,0,-1,0,450,-300,0.0149,1
0,0,1,-1,0,0,0,-1,0,450,-300,0.033412,1
0,0,1,-1,0,0,0,-1,0,450,-300,0.0592,1
0,0,1,-1,0,0,0,-1,0,450,-300,0.092188,1
0,0,1,-1,0,0,0,-1,0,450,-300,0.1323,1
0,0,1,-1,0,0,0,-1,0,450,-300,0.17946,1
0,0,1,-1,0,0,0,-1,0,450,-300,0.2336,1
0,0,1,-1,0,0,0,-1,0,450,-300,0.29464,1
0,0,1,-1,0,0,0,-1,0,450,-300,0.3625,1
0,0,1,-1,0,0,0,-1,0,450,-300,0.43711,1
0,0,1,-1,0,0,0,-1,0,450,-300,0.5184,1
0,0,1,-1,0,0,0,-1,0,450,-300,0.60629,1
0,0,1,-1,0,0,0,-1,0,450,-300,0.7007,1
0,0,1,-1,0,0,0,-1,0,450,-300,0.80156,1
0,0,1,-1,0,0,0,-1,0,450,-300,0.9088,1
0,0,1,-1,0,0,0,-1,0,450,-300,1.0223,1
0,0,1,-1,0,0,0,-1,0,450,-300,1.1421,1
0,0,1,-1,0,0,0,-1,0,450,-300,1.268,1
0,0,1,-1,0,0,0,-1,0,450,-300,1.4,1
0,0,1,-1,0,0,0,-1,0,450,-300,1.538,1
0,0,1,-1,0,0,0,-1,0,450,-300,1.6819,1
0,0,1,-1,0,0,0,-1,0,450,-300,1.8317,1
0,0,1,-1,0,0,0,-1,0,450,-300,1.9872,1
0,0,1,-1,0,0,0,-1,0,450,-300,2.1484,1
0,0,1,-1,0,0,0,-1,0,450,-300,2.3153,1
0,0,1,-1,0,0,0,-1,0,450,-300,2.4877,1
0,0,1,-1,0,0,0,-1,0,450,-300,2.6656,1
0,0,1,-1,0,0,0,-1,0,450,-300,2.8489,1
0,0,1,-1,0,0,0,-1,0,450,-300,3.0375,1
0,0,1,-1,0,0,0,-1,0,450,-300,3.2314,1
0,0,1,-1,0,0,0,-1,0,450,-300,3.4304,1
0,0,1,-1,0,0,0,-1,0,450,-300,3.6345,1
0,0,1,-1,0,0,0,-1,0,450,-300,3.8437,1
0,0,1,-1,0,0,0,-1,0,450,-300,4.0578,1
0,0,1,-1,0,0,0,-1,0,450,-300,4.2768,1
0,0,1,-1,0,0,0,-1,0,450,-300,4.5006,1
0,0,1,-1,0,0,0,-1,0,450,-300,4.7291,1
0,0,1,-1,0,0,0,-1,0,450,-300,4.9623,1
0,0,1,-1,0,0,0,-1,0,450,-300,5.2,1
0,0,1,-1,0,0,0,-1,0,450,-300,5.4422,1
0,0,1,-1,0,0,0,-1,0,450,-300,5.6889,1
0,0,1,-1,0,0,0,-1,0,450,-300,5.9399,1
0,0,1,-1,0,0,0,-1,0,450,-300,6.1952,1
0,0,1,-1,0,0,0,-1,0,450,-300,6.4547,1
0,0,1,-1,0,0,0,-1,0,450,-300,6.7183,1
0,0,1,-1,0,0,0,-1,0,450,-300,6.986,1
0,0,1,-1,0,0,0,-1,0,450,-300,7.2576,1
0,0,1,-1,0,0,0,-1,0,450,-300,7.5331,1
0,0,1,-1,0,0,0,-1,0,450,-300,7.8125,1
0,0,1,-1,0,0,0,-1,0,450,-300,8.0956,1
0,0,1,-1,0,0,0,-1,0,450,-300,8.3824,1
0,0,1,-1,0,0,0,-1,0,450,-300,8.6728,1
0,0,1,-1,0,0,0,-1,0,450,-300,8.9667,1
0,0,1,-1,0,0,0,-1,0,450,-300,9.2641,1
0,0,1,-1,0,0,0,-1,0,450,-300,9.5648,1
0,0,1,-1,0,0,0,-1,0,450,-300,9.8688,1
0,0,1,-1,0,0,0,-1,0,450,-300,10.176,1
0,0,1,-1,0,0,0,-1,0,450,-300,10.487,1
0,0,1,-1,0,0,0,-1,0,450,-300,10.8,1
0,0,1,-1,0,0,0,-1,0,450,-300,11.116,1
0,0,1,-1,0,0,0,-1,0,450,-300,11.436,1
0,0,1,-1,0,0,0,-1,0,450,-300,11.758,1
0,0,1,-1,0,0,0,-1,0,450,-300,12.083,1
0,0,1,-1,0,0,0,-1,0,450,-300,12.411,1
0,0,1,-1,0,0,0,-1,0,450,-300,12.741,1
0,0,1,-1,0,0,0,-1,0,450,-300,13.074,1
0,0,1,-1,0,0,0,-1,0,450,-300,13.41,1
0,0,1,-1,0,0,0,-1,0,450,-300,13.747,1
0,0,1,-1,0,0,0,-1,0,450,-300,14.088,1
0,0,1,-1,0,0,0,-1,0,450,-300,14.43,1
0,0,1,-1,0,0,0,-1,0,450,-300,14.774,1
0,0,1,-1,0,0,0,-1,0,450,-300,15.121,1
0,0,1,-1,0,0,0,-1,0,450,-300,15.47,1
0,0,1,-1,0,0,0,-1,0,450,-300,15.82,1
0,0,1,-1,0,0,0,-1,0,450,-300,16.173,1
0,0,1,-1,0,0,0,-1,0,450,-300,16.527,1
0,0,1,-1,0,0,0,-1,0,450,-300,16.883,1
0,0,1,-1,0,0,0,-1,0,450,-300,17.241,1
0,0,1,-1,0,0,0,-1,0,450,-300,17.6,1
0,0,1,-1,0,0,0,-1,0,450,-300,17.961,1
0,0,1,-1,0,0,0,-1,0,450,-300,18.323,1
0,0,1,-1,0,0,0,-1,0,450,-300,18.686,1
0,0,1,-1,0,0,0,-1,0,450,-300,19.051,1
0,0,1,-1,0,0,0,-1,0,450,-300,19.417,1
0,0,1,-1,0,0,0,-1,0,450,-300,19.784,1
0,0,1,-1,0,0,0,-1,0,450,-300,20.152,1
0,0,1,-1,0,0,0,-1,0,450,-300,20.522,1
0,0,1,-1,0,0,0,-1,0,450,-300,20.892,1
0,0,1,-1,0,0,0,-1,0,450,-300,21.262,1
0,0,1,-1,0,0,0,-1,0,450,-300,21.634,1
0,0,1,-1,0,0,0,-1,0,450,-300,22.006,1
0,0,1,-1,0,0,0,-1,0,450,-300,22.379,1
0,0,1,-1,0,0,0,-1,0,450,-300,22.753,1
0,0,1,-1,0,0,0,-1,0,450,-300,23.127,1
0,0,1,-1,0,0,0,-1,0,450,-300,23.501,1
0,0,1,-1,0,0,0,-1,0,450,-300,23.875,1
0,0,1,-1,0,0,0,-1,0,450,-300,24.25,1
0,0,1,-1,0,0,0,-1,0,450,-300,24.625,1
0,0,1,-1,0,0,0,-1,0,450,-300,25,1
0,0,1,-1,0,0,0,-1,0,450,-300,25.375,1
0,0,1,-1,0,0,0,-1,0,450,-300,25.75,1
0,0,1,-1,0,0,0,-1,0,450,-300,26.125,1
0,0,1,-1,0,0,0,-1,0,450,-300,26.499,1
0,0,1,-1,0,0,0,-1,0,450,-300,26.873,1
0,0,1,-1,0,0,0,-1,0,450,-300,27.247,1
0,0,1,-1,0,0,0,-1,0,450,-300,27.621,1
0,0,1,-1,0,0,0,-1,0,450,-300,27.994,1
0,0,1,-1,0,0,0,-1,0,450,-300,28.366,1
0,0,1,-1,0,0,0,-1,0,450,-300,28.738,1
0,0,1,-1,0,0,0,-1,0,450,-300,29.108,1
0,0,1,-1,0,0,0,-1,0,450,-300,29.478,1
0,0,1,-1,0,0,0,-1,0,450,-300,29.848,1
0,0,1,-1,0,0,0,-1,0,450,-300,30.216,1
0,0,1,-1,0,0,0,-1,0,450,-300,30.583,1
0,0,1,-1,0,0,0,-1,0,450,-300,30.949,1
0,0,1,-1,0,0,0,-1,0,450,-300,31.314,1
0,0,1,-1,0,0,0,-1,0,450,-300,31.677,1
0,0,1,-1,0,0,0,-1,0,450,-300,32.039,1
0,0,1,-1,0,0,0,-1,0,450,-300,32.4,1
0,0,1,-1,0,0,0,-1,0,450,-300,32.759,1
0,0,1,-1,0,0,0,-1,0,450,-300,33.117,1
0,0,1,-1,0,0,0,-1,0,450,-300,33.473,1
0,0,1,-1,0,0,0,-1,0,450,-300,33.827,1
0,0,1,-1,0,0,0,-1,0,450,-300,34.18,1
0,0,1,-1,0,0,0,-1,0,450,-300,34.53,1
0,0,1,-1,0,0,0,-1,0,450,-300,34.879,1
0,0,1,-1,0,0,0,-1,0,450,-300,35.226,1
0,0,1,-1,0,0,0,-1,0,450,-300,35.57,1
0,0,1,-1,0,0,0,-1,0,450,-300,35.913,1
0,0,1,-1,0,0,0,-1,0,450,-300,36.253,1
0,0,1,-1,0,0,0,-1,0,450,-300,36.59,1
0,0,1,-1,0,0,0,-1,0,450,-300,36.926,1
0,0,1,-1,0,0,0,-1,0,450,-300,37.259,1
0,0,1,-1,0,0,0,-1,0,450,-300,37.589,1
0,0,1,-1,0,0,0,-1,0,450,-300,37.917,1
0,0,1,-1,0,0,0,-1,0,450,-300,38.242,1
0,0,1,-1,0,0,0,-1,0,450,-300,38.564,1
0,0,1,-1,0,0,0,-1,0,450,-300,38.884,1
0,0,1,-1,0,0,0,-1,0,450,-300,39.2,1
0,0,1,-1,0,0,0,-1,0,450,-300,39.513,1
0,0,1,-1,0,0,0,-1,0,450,-300,39.824,1
0,0,1,-1,0,0,0,-1,0,450,-300,40.131,1
0,0,1,-1,0,0,0,-1,0,450,-300,40.435,1
0,0,1,-1,0,0,0,-1,0,450,-300,40.736,1
0,0,1,-1,0,0,0,-1,0,450,-300,41.033,1
0,0,1,-1,0,0,0,-1,0,450,-300,41.327,1
0,0,1,-1,0,0,0,-1,0,450,-300,41.618,1
0,0,1,-1,0,0,0,-1,0,450,-300,41.904,1
0,0,1,-1,0,0,0,-1,0,450,-300,42.188,1
0,0,1,-1,0,0,0,-1,0,450,-300,42.467,1
0,0,1,-1,0,0,0,-1,0,450,-300,42.742,1
0,0,1,-1,0,0,0,-1,0,450,-300,43.014,1
0,0,1,-1,0,0,0,-1,0,450,-300,43.282,1
0,0,1,-1,0,0,0,-1,0,450,-300,43.545,1
0,0,1,-1,0,0,0,-1,0,450,-300,43.805,1
0,0,1,-1,0,0,0,-1,0,450,-300,44.06,1
0,0,1,-1,0,0,0,-1,0,450,-300,44.311,1
0,0,1,-1,0,0,0,-1,0,450,-300,44.558,1
0,0,1,-1,0,0,0,-1,0,450,-300,44.8,1
0,0,1,-1,0,0,0,-1,0,450,-300,45.038,1
0,0,1,-1,0,0,0,-1,0,450,-300,45.271,1
0,0,1,-1,0,0,0,-1,0,450,-300,45.499,1
0,0,1,-1,0,0,0,-1,0,450,-300,45.723,1
0,0,1,-1,0,0,0,-1,0,450,-300,45.942,1
0,0,1,-1,0,0,0,-1,0,450,-300,46.156,1
0,0,1,-1,0,0,0,-1,0,450,-300,46.365,1
0,0,1,-1,0,0,0,-1,0,450,-300,46.57,1
0,0,1,-1,0,0,0,-1,0,450,-300,46.769,1
0,0,1,-1,0,0,0,-1,0,450,-300,46.962,1
0,0,1,-1,0,0,0,-1,0,450,-300,47.151,1
0,0,1,-1,0,0,0,-1,0,450,-300,47.334,1
0,0,1,-1,0,0,0,-1,0,450,-300,47.512,1
0,0,1,-1,0,0,0,-1,0,450,-300,47.685,1
0,0,1,-1,0,0,0,-1,0,450,-300,47.852,1
0,0,1,-1,0,0,0,-1,0,450,-300,48.013,1
0,0,1,-1,0,0,0,-1,0,450,-300,48.168,1
0,0,1,-1,0,0,0,-1,0,450,-300,48.318,1
0,0,1,-1,0,0,0,-1,0,450,-300,48.462,1
0,0,1,-1,0,0,0,-1,0,450,-300,48.6,1
0,0,1,-1,0,0,0,-1,0,450,-300,48.732,1
0,0,1,-1,0,0,0,-1,0,450,-300,48.858,1
0,0,1,-1,0,0,0,-1,0,450,-300,48.978,1
0,0,1,-1,0,0,0,-1,0,450,-300,49.091,1
0,0,1,-1,0,0,0,-1,0,450,-300,49.198,1
0,0,1,-1,0,0,0,-1,0,450,-300,49.299,1
0,0,1,-1,0,0,0,-1,0,450,-300,49.394,1
0,0,1,-1,0,0,0,-1,0,450,-300,49.482,1
0,0,1,-1,0,0,0,-1,0,450,-300,49.563,1
0,0,1,-1,0,0,0,-1,0,450,-300,49.638,1
0,0,1,-1,0,0,0,-1,0,450,-300,49.705,1
0,0,1,-1,0,0,0,-1,0,450,-300,49.766,1
0,0,1,-1,0,0,0,-1,0,450,-300,49.821,1
0,0,1,-1,0,0,0,-1,0,450,-300,49.868,1
0,0,1,-1,0,0,0,-1,0,450,-300,49.908,1
0,0,1,-1,0,0,0,-1,0,450,-300,49.941,1
0,0,1,-1,0,0,0,-1,0,450,-300,49.967,1
0,0,1,-1,0,0,0,-1,0,450,-300,49.985,1
0,0,1,-1,0,0,0,-1,0,450,-300,49.996,1
0,0,1,-1,0,0,0,-1,0,450,-300,50,1
0,0,1,-1,0,0,0,-1,0,450,-300,50,1
1.8824e-05,0,1,-1,0,1.8824e-05,0,-1,0,450,-299.99,50,1
7.5197e-05,0,1,-1,0,7.5197e-05,0,-1,0,450,-299.97,50,1
0.00016897,0,1,-1,0,0.00016897,0,-1,0,450,-299.93,50,1
0.00029998,0,1,-1,0,0.00029998,0,-1,0,449.99,-299.87,50,1
0.0004681,0,1,-1,0,0.0004681,0,-1,0,449.99,-299.8,50,1
0.00067316,0,1,-1,0,0.00067316,0,-1,0,449.98,-299.71,50,1
0.00091501,0,1,-1,0,0.00091501,0,-1,0,449.98,-299.61,50,1
0.0011935,0,1,-1,0,0.0011935,0,-1,0,449.97,-299.49,50,1
0.0015085,0,1,-1,0,0.0015085,0,-1,0,449.96,-299.36,50,1
0.0018598,0,1,-1,0,0.0018598,0,-1,0,449.95,-299.21,50,1
0.0022473,0,1,-1,0,0.0022473,0,-1,0,449.94,-299.04,50,1
0.0026709,0,1,-1,0,0.0026709,0,-1,0,449.93,-298.86,50,1
0.0031304,0,1,-1,0,0.0031304,0,-1,0,449.92,-298.67,50,1
0.0036255,0,0.99999,-0.99999,0,0.0036255,0,-1,0,449.91,-298.46,50,1
0.0041563,0,0.99999,-0.99999,0,0.0041563,0,-1,0,449.89,-298.23,50,1
0.0047225,0,0.99999,-0.99999,0,0.0047225,0,-1,0,449.88,-297.99,50,1
0.005324,0,0.99999,-0.99999,0,0.005324,0,-1,0,449.86,-297.74,50,1
0.0059606,0,0.99998,-0.99998,0,0.0059606,0,-1,0,449.84,-297.47,50,1
0.0066323,0,0.99998,-0.99998,0,0.0066323,0,-1,0,449.82,-297.18,50,1
0.0073387,0,0.99997,-0.99997,0,0.0073387,0,-1,0,449.81,-296.88,50,1
0.0080798,0,0.99997,-0.99997,0,0.0080798,0,-1,0,449.78,-296.57,50,1
0.0088555,0,0.99996,-0.99996,0,0.0088555,0,-1,0,449.76,-296.24,50,1
0.0096655,0,0.99995,-0.99995,0,0.0096655,0,-1,0,449.74,-295.89,50,1
0.01051,0,0.99994,-0.99994,0,0.01051,0,-1,0,449.71,-295.53,50,1
0.011388,0,0.99994,-0.99994,0,0.011388,0,-1,0,449.69,-295.16,50,1
0.0123,0,0.99992,-0.99992,0,0.0123,0,-1,0,449.66,-294.77,50,1
0.013246,0,0.99991,-0.99991,0,0.013246,0,-1,0,449.63,-294.37,50,1
0.014226,0,0.9999,-0.9999,0,0.014226,0,-1,0,449.6,-293.96,50,1
0.015239,0,0.99988,-0.99988,0,0.015239,0,-1,0,449.57,-293.53,50,1
0.016285,0,0.99987,-0.99987,0,0.016285,0,-1,0,449.54,-293.08,50,1
0.017365,0,0.99985,-0.99985,0,0.017365,0,-1,0,449.5,-292.62,50,1
0.018477,0,0.99983,-0.99983,0,0.018477,0,-1,0,449.47,-292.15,50,1
0.019623,0,0.99981,-0.99981,0,0.019623,0,-1,0,449.43,-291.67,50,1
0.020801,0,0.99978,-0.99978,0,0.020801,0,-1,0,449.39,-291.17,50,1
0.022011,0,0.99976,-0.99976,0,0.022011,0,-1,0,449.35,-290.65,50,1
0.023254,0,0.99973,-0.99973,0,0.023254,0,-1,0,449.3,-290.12,50,1
0.02453,0,0.9997,-0.9997,0,0.02453,0,-1,0,449.26,-289.58,50,1
0.025837,0,0.99967,-0.99967,0,0.025837,0,-1,0,449.21,-289.03,50,1
0.027176,0,0.99963,-0.99963,0,0.027176,0,-1,0,449.16,-288.46,50,1
0.028547,0,0.99959,-0.99959,0,0.028547,0,-1,0,449.11,-287.88,50,1
0.029949,0,0.99955,-0.99955,0,0.029949,0,-1,0,449.06,-287.28,50,1
0.031383,0,0.99951,-0.99951,0,0.031383,0,-1,0,449.01,-286.67,50,1
0.032849,0,0.99946,-0.99946,0,0.032849,0,-1,0,448.95,-286.05,50,1
0.034345,0,0.99941,-0.99941,0,0.034345,0,-1,0,448.89,-285.42,50,1
0.035872,0,0.99936,-0.99936,0,0.035872,0,-1,0,448.83,-284.77,50,1
0.037431,0,0.9993,-0.9993,0,0.037431,0,-1,0,448.77,-284.11,50,1
0.039019,0,0.99924,-0.99924,0,0.039019,0,-1,0,448.7,-283.44,50,1
0.040639,0,0.99917,-0.99917,0,0.040639,0,-1,0,448.63,-282.75,50,1
0.042288,0,0.99911,-0.99911,0,0.042288,0,-1,0,448.56,-282.05,50,1
0.043968,0,0.99903,-0.99903,0,0.043968,0,-1,0,448.49,-281.34,50,1
0.045678,0,0.99896,-0.99896,0,0.045678,0,-1,0,448.41,-280.61,50,1
0.047418,0,0.99888,-0.99888,0,0.047418,0,-1,0,448.34,-279.88,50,1
0.049187,0,0.99879,-0.99879,0,0.049187,0,-1,0,448.26,-279.13,50,1
0.050986,0,0.9987,-0.9987,0,0.050986,0,-1,0,448.17,-278.36,50,1
0.052814,0,0.9986,-0.9986,0,0.052814,0,-1,0,448.09,-277.59,50,1
0.054671,0,0.9985,-0.9985,0,0.054671,0,-1,0,448,-276.8,50,1
0.056558,0,0.9984,-0.9984,0,0.056558,0,-1,0,447.91,-276,50,1
0.058473,0,0.99829,-0.99829,0,0.058473,0,-1,0,447.81,-275.19,50,1
0.060417,0,0.99817,-0.99817,0,0.060417,0,-1,0,447.71,-274.37,50,1
0.062389,0,0.99805,-0.99805,0,0.062389,0,-1,0,447.61,-273.53,50,1
0.06439,0,0.99792,-0.99792,0,0.06439,0,-1,0,447.51,-272.69,50,1
0.066419,0,0.99779,-0.99779,0,0.066419,0,-1,0,447.4,-271.83,50,1
0.068476,0,0.99765,-0.99765,0,0.068476,0,-1,0,447.29,-270.96,50,1
0.070561,0,0.99751,-0.99751,0,0.070561,0,-1,0,447.18,-270.07,50,1
0.072673,0,0.99736,-0.99736,0,0.072673,0,-1,0,447.06,-269.18,50,1
0.074813,0,0.9972,-0.9972,0,0.074813,0,-1,0,446.94,-268.27,50,1
0.07698,0,0.99703,-0.99703,0,0.07698,0,-1,0,446.81,-267.36,50,1
0.079175,0,0.99686,-0.99686,0,0.079175,0,-1,0,446.69,-266.43,50,1
0.081396,0,0.99668,-0.99668,0,0.081396,0,-1,0,446.55,-265.49,50,1
0.083644,0,0.9965,-0.9965,0,0.083644,0,-1,0,446.42,-264.54,50,1
0.085919,0,0.9963,-0.9963,0,0.085919,0,-1,0,446.28,-263.58,50,1
0.088221,0,0.9961,-0.9961,0,0.088221,0,-1,0,446.14,-262.6,50,1
0.090548,0,0.99589,-0.99589,0,0.090548,0,-1,0,445.99,-261.62,50,1
0.092902,0,0.99568,-0.99568,0,0.092902,0,-1,0,445.84,-260.62,50,1
0.095281,0,0.99545,-0.99545,0,0.095281,0,-1,0,445.68,-259.62,50,1
0.097686,0,0.99522,-0.99522,0,0.097686,0,-1,0,445.53,-258.6,50,1
0.10012,0,0.99498,-0.99498,0,0.10012,0,-1,0,445.36,-257.58,50,1
0.10257,0,0.99473,-0.99473,0,0.10257,0,-1,0,445.19,-256.54,50,1
0.10505,0,0.99447,-0.99447,0,0.10505,0,-1,0,445.02,-255.49,50,1
0.10756,0,0.9942,-0.9942,0,0.10756,0,-1,0,444.85,-254.43,50,1
0.11009,0,0.99392,-0.99392,0,0.11009,0,-1,0,444.66,-253.36,50,1
0.11265,0,0.99364,-0.99364,0,0.11265,0,-1,0,444.48,-252.28,50,1
0.11523,0,0.99334,-0.99334,0,0.11523,0,-1,0,444.29,-251.19,50,1
0.11783,0,0.99303,-0.99303,0,0.11783,0,-1,0,444.09,-250.1,50,1
0.12046,0,0.99272,-0.99272,0,0.12046,0,-1,0,443.89,-248.99,50,1
0.12311,0,0.99239,-0.99239,0,0.12311,0,-1,0,443.69,-247.87,50,1
0.12579,0,0.99206,-0.99206,0,0.12579,0,-1,0,443.48,-246.74,50,1
0.12849,0,0.99171,-0.99171,0,0.12849,0,-1,0,443.27,-245.6,50,1
0.13121,0,0.99135,-0.99135,0,0.13121,0,-1,0,443.05,-244.45,50,1
0.13396,0,0.99099,-0.99099,0,0.13396,0,-1,0,442.82,-243.29,50,1
0.13672,0,0.99061,-0.99061,0,0.13672,0,-1,0,442.59,-242.13,50,1
0.13952,0,0.99022,-0.99022,0,0.13952,0,-1,0,442.36,-240.95,50,1
0.14233,0,0.98982,-0.98982,0,0.14233,0,-1,0,442.12,-239.76,50,1
0.14517,0,0.98941,-0.98941,0,0.14517,0,-1,0,441.87,-238.57,50,1
0.14802,0,0.98898,-0.98898,0,0.14802,0,-1,0,441.62,-237.37,50,1
0.1509,0,0.98855,-0.98855,0,0.1509,0,-1,0,441.36,-236.15,50,1
0.1538,0,0.9881,-0.9881,0,0.1538,0,-1,0,441.1,-234.93,50,1
0.15673,0,0.98764,-0.98764,0,0.15673,0,-1,0,440.83,-233.7,50,1
0.15967,0,0.98717,-0.98717,0,0.15967,0,-1,0,440.56,-232.46,50,1
0.16264,0,0.98669,-0.98669,0,0.16264,0,-1,0,440.28,-231.21,50,1
0.16562,0,0.98619,-0.98619,0,0.16562,0,-1,0,439.99,-229.96,50,1
0.16863,0,0.98568,-0.98568,0,0.16863,0,-1,0,439.7,-228.69,50,1
0.17166,0,0.98516,-0.98516,0,0.17166,0,-1,0,439.4,-227.42,50,1
0.1747,0,0.98462,-0.98462,0,0.1747,0,-1,0,439.1,-226.13,50,1
0.17777,0,0.98407,-0.98407,0,0.17777,0,-1,0,438.79,-224.85,50,1
0.18086,0,0.98351,-0.98351,0,0.18086,0,-1,0,438.47,-223.55,50,1
0.18397,0,0.98293,-0.98293,0,0.18397,0,-1,0,438.15,-222.24,50,1
0.18709,0,0.98234,-0.98234,0,0.18709,0,-1,0,437.82,-220.93,50,1
0.19024,0,0.98174,-0.98174,0,0.19024,0,-1,0,437.48,-219.61,50,1
0.1934,0,0.98112,-0.98112,0,0.1934,0,-1,0,437.14,-218.28,50,1
0.19658,0,0.98049,-0.98049,0,0.19658,0,-1,0,436.79,-216.94,50,1
0.19979,0,0.97984,-0.97984,0,0.19979,0,-1,0,436.44,-215.6,50,1
0.20301,0,0.97918,-0.97918,0,0.20301,0,-1,0,436.08,-214.24,50,1
0.20624,0,0.9785,-0.9785,0,0.20624,0,-1,0,435.71,-212.88,50,1
0.2095,0,0.97781,-0.97781,0,0.2095,0,-1,0,435.33,-211.52,50,1
0.21277,0,0.9771,-0.9771,0,0.21277,0,-1,0,434.95,-210.14,50,1
0.21606,0,0.97638,-0.97638,0,0.21606,0,-1,0,434.56,-208.76,50,1
0.21937,0,0.97564,-0.97564,0,0.21937,0,-1,0,434.16,-207.38,50,1
0.22269,0,0.97489,-0.97489,0,0.22269,0,-1,0,433.76,-205.98,50,1
0.22603,0,0.97412,-0.97412,0,0.22603,0,-1,0,433.35,-204.58,50,1
0.22939,0,0.97333,-0.97333,0,0.22939,0,-1,0,432.93,-203.18,50,1
0.23276,0,0.97253,-0.97253,0,0.23276,0,-1,0,432.51,-201.76,50,1
0.23615,0,0.97172,-0.97172,0,0.23615,0,-1,0,432.08,-200.34,50,1
0.23956,0,0.97088,-0.97088,0,0.23956,0,-1,0,431.64,-198.92,50,1
0.24298,0,0.97003,-0.97003,0,0.24298,0,-1,0,431.19,-197.48,50,1
0.24642,0,0.96916,-0.96916,0,0.24642,0,-1,0,430.73,-196.04,50,1
0.24987,0,0.96828,-0.96828,0,0.24987,0,-1,0,430.27,-194.6,50,1
0.25333,0,0.96738,-0.96738,0,0.25333,0,-1,0,429.8,-193.15,50,1
0.25681,0,0.96646,-0.96646,0,0.25681,0,-1,0,429.33,-191.69,50,1
0.26031,0,0.96553,-0.96553,0,0.26031,0,-1,0,428.84,-190.23,50,1
0.26382,0,0.96457,-0.96457,0,0.26382,0,-1,0,428.35,-188.76,50,1
0.26734,0,0.9636,-0.9636,0,0.26734,0,-1,0,427.85,-187.29,50,1
0.27087,0,0.96261,-0.96261,0,0.27087,0,-1,0,427.34,-185.81,50,1
0.27442,0,0.96161,-0.96161,0,0.27442,0,-1,0,426.82,-184.33,50,1
0.27799,0,0.96059,-0.96059,0,0.27799,0,-1,0,426.3,-182.84,50,1
0.28156,0,0.95954,-0.95954,0,0.28156,0,-1,0,425.77,-181.35,50,1
0.28515,0,0.95848,-0.95848,0,0.28515,0,-1,0,425.23,-179.85,50,1
0.28875,0,0.9574,-0.9574,0,0.28875,0,-1,0,424.68,-178.35,50,1
0.29236,0,0.95631,-0.95631,0,0.29236,0,-1,0,424.12,-176.84,50,1
0.29599,0,0.95519,-0.95519,0,0.29599,0,-1,0,423.56,-175.33,50,1
0.29962,0,0.95406,-0.95406,0,0.29962,0,-1,0,422.98,-173.81,50,1
0.30327,0,0.95291,-0.95291,0,0.30327,0,-1,0,422.4,-172.29,50,1
0.30693,0,0.95173,-0.95173,0,0.30693,0,-1,0,421.81,-170.76,50,1
0.31059,0,0.95054,-0.95054,0,0.31059,0,-1,0,421.22,-169.23,50,1
0.31427,0,0.94933,-0.94933,0,0.31427,0,-1,0,420.61,-167.7,50,1
0.31796,0,0.9481,-0.9481,0,0.31796,0,-1,0,419.99,-166.16,50,1
0.32166,0,0.94685,-0.94685,0,0.32166,0,-1,0,419.37,-164.62,50,1
0.32537,0,0.94559,-0.94559,0,0.32537,0,-1,0,418.74,-163.08,50,1
0.32909,0,0.9443,-0.9443,0,0.32909,0,-1,0,418.1,-161.53,50,1
0.33282,0,0.94299,-0.94299,0,0.33282,0,-1,0,417.45,-159.98,50,1
0.33656,0,0.94166,-0.94166,0,0.33656,0,-1,0,416.79,-158.42,50,1
0.3403,0,0.94032,-0.94032,0,0.3403,0,-1,0,416.13,-156.86,50,1
0.34406,0,0.93895,-0.93895,0,0.34406,0,-1,0,415.45,-155.3,50,1
0.34782,0,0.93756,-0.93756,0,0.34782,0,-1,0,414.77,-153.74,50,1
0.35159,0,0.93615,-0.93615,0,0.35159,0,-1,0,414.08,-152.17,50,1
0.35537,0,0.93473,-0.93473,0,0.35537,0,-1,0,413.37,-150.6,50,1
0.35915,0,0.93328,-0.93328,0,0.35915,0,-1,0,412.66,-149.03,50,1
0.36295,0,0.93181,-0.93181,0,0.36295,0,-1,0,411.95,-147.45,50,1
0.36675,0,0.93032,-0.93032,0,0.36675,0,-1,0,411.22,-145.87,50,1
0.37055,0,0.92881,-0.92881,0,0.37055,0,-1,0,410.48,-144.29,50,1
0.37437,0,0.92728,-0.92728,0,0.37437,0,-1,0,409.74,-142.71,50,1
0.37819,0,0.92573,-0.92573,0,0.37819,0,-1,0,408.98,-141.13,50,1
0.38201,0,0.92416,-0.92416,0,0.38201,0,-1,0,408.22,-139.54,50,1
0.38584,0,0.92257,-0.92257,0,0.38584,0,-1,0,407.44,-137.95,50,1
0.38968,0,0.92095,-0.92095,0,0.38968,0,-1,0,406.66,-136.36,50,1
0.39352,0,0.91932,-0.91932,0,0.39352,0,-1,0,405.87,-134.77,50,1
0.39736,0,0.91766,-0.91766,0,0.39736,0,-1,0,405.07,-133.18,50,1
0.40121,0,0.91599,-0.91599,0,0.40121,0,-1,0,404.26,-131.59,50,1
0.40507,0,0.91429,-0.91429,0,0.40507,0,-1,0,403.45,-129.99,50,1
0.40892,0,0.91257,-0.91257,0,0.40892,0,-1,0,402.62,-128.39,50,1
0.41279,0,0.91083,-0.91083,0,0.41279,0,-1,0,401.78,-126.8,50,1
0.41665,0,0.90907,-0.90907,0,0.41665,0,-1,0,400.94,-125.2,50,1
0.42052,0,0.90728,-0.90728,0,0.42052,0,-1,0,400.08,-123.6,50,1
0.42439,0,0.90548,-0.90548,0,0.42439,0,-1,0,399.22,-122,50,1
0.42826,0,0.90365,-0.90365,0,0.42826,0,-1,0,398.35,-120.4,50,1
0.43214,0,0.90181,-0.90181,0,0.43214,0,-1,0,397.46,-118.79,50,1
0.43602,0,0.89994,-0.89994,0,0.43602,0,-1,0,396.57,-117.19,50,1
0.4399,0,0.89805,-0.89805,0,0.4399,0,-1,0,395.67,-115.59,50,1
0.44378,0,0.89614,-0.89614,0,0.44378,0,-1,0,394.76,-113.99,50,1
0.44766,0,0.8942,-0.8942,0,0.44766,0,-1,0,393.84,-112.39,50,1
0.45155,0,0.89225,-0.89225,0,0.45155,0,-1,0,392.92,-110.79,50,1
0.45543,0,0.89027,-0.89027,0,0.45543,0,-1,0,391.98,-109.18,50,1
0.45932,0,0.88827,-0.88827,0,0.45932,0,-1,0,391.03,-107.58,50,1
