0,1,0,1,0,0,0,0,-1,323.6,-335.6,237,0
7.3883e-05,1,2.7294e-09,1,-7.3883e-05,7.3883e-05,7.3883e-05,-2.7294e-09,-1,323.6,-335.6,236.99,0
0.00029488,1,4.3476e-08,1,-0.00029488,0.00029488,0.00029488,-4.3476e-08,-1,323.61,-335.6,236.98,0
0.00066199,1,2.1912e-07,1,-0.00066199,0.00066199,0.00066199,-2.1912e-07,-1,323.63,-335.6,236.95,0
0.0011742,1,6.8942e-07,1,-0.0011742,0.0011742,0.0011742,-6.8942e-07,-1,323.65,-335.61,236.91,0
0.0018306,1,1.6756e-06,1,-0.0018306,0.0018306,0.0018306,-1.6756e-06,-1,323.68,-335.61,236.86,0
0.0026302,1,3.4589e-06,0.99999,-0.0026302,0.0026302,0.0026302,-3.4589e-06,-1,323.71,-335.61,236.8,0
0.0035719,0.99999,6.3793e-06,0.99999,-0.0035719,0.0035719,0.0035719,-6.3793e-06,-0.99999,323.75,-335.62,236.72,0
0.0046548,0.99999,1.0834e-05,0.99998,-0.0046548,0.0046548,0.0046548,-1.0834e-05,-0.99999,323.79,-335.62,236.64,0
0.0058779,0.99998,1.7275e-05,0.99997,-0.0058779,0.0058779,0.0058779,-1.7275e-05,-0.99998,323.84,-335.63,236.55,0
0.0072401,0.99997,2.621e-05,0.99995,-0.0072401,0.0072401,0.0072401,-2.621e-05,-0.99997,323.9,-335.64,236.44,0
0.0087406,0.99996,3.82e-05,0.99992,-0.0087406,0.0087406,0.0087406,-3.82e-05,-0.99996,323.96,-335.64,236.33,0
0.010378,0.99995,5.3856e-05,0.99989,-0.010378,0.010378,0.010378,-5.3856e-05,-0.99995,324.03,-335.65,236.2,0
0.012152,0.99993,7.3841e-05,0.99985,-0.012152,0.012152,0.012152,-7.3841e-05,-0.99993,324.1,-335.66,236.06,0
0.014061,0.9999,9.8865e-05,0.9998,-0.014061,0.014061,0.014061,-9.8865e-05,-0.9999,324.18,-335.67,235.92,0
0.016104,0.99987,0.00012969,0.99974,-0.016104,0.016104,0.016104,-0.00012969,-0.99987,324.27,-335.68,235.76,0
0.01828,0.99983,0.00016711,0.99967,-0.01828,0.01828,0.01828,-0.00016711,-0.99983,324.36,-335.69,235.59,0
0.020589,0.99979,0.00021199,0.99958,-0.020589,0.020589,0.020589,-0.00021199,-0.99979,324.45,-335.7,235.41,0
0.023028,0.99973,0.00026521,0.99947,-0.023028,0.023028,0.023028,-0.00026521,-0.99973,324.55,-335.71,235.22,0
0.025597,0.99967,0.00032771,0.99934,-0.025597,0.025597,0.025597,-0.00032771,-0.99967,324.66,-335.72,235.02,0
0.028295,0.9996,0.00040047,0.9992,-0.028295,0.028295,0.028295,-0.00040047,-0.9996,324.77,-335.74,234.82,0
0.031121,0.99952,0.0004845,0.99903,-0.031121,0.031121,0.031121,-0.0004845,-0.99952,324.89,-335.75,234.6,0
0.034074,0.99942,0.00058085,0.99884,-0.034074,0.034074,0.034074,-0.00058085,-0.99942,325.01,-335.76,234.37,0
0.037152,0.99931,0.00069062,0.99862,-0.037152,0.037152,0.037152,-0.00069062,-0.99931,325.14,-335.77,234.13,0
0.040355,0.99919,0.00081493,0.99837,-0.040355,0.040355,0.040355,-0.00081493,-0.99919,325.27,-335.78,233.88,0
0.043681,0.99905,0.00095493,0.99809,-0.043681,0.043681,0.043681,-0.00095493,-0.99905,325.41,-335.8,233.63,0
0.047129,0.99889,0.0011118,0.99778,-0.047129,0.047129,0.047129,-0.0011118,-0.99889,325.55,-335.81,233.36,0
0.050699,0.99871,0.0012868,0.99743,-0.050699,0.050699,0.050699,-0.0012868,-0.99871,325.7,-335.82,233.08,0
0.054388,0.99852,0.0014812,0.99704,-0.054388,0.054388,0.054388,-0.0014812,-0.99852,325.85,-335.84,232.8,0
0.058195,0.9983,0.0016962,0.99661,-0.058195,0.058195,0.058195,-0.0016962,-0.9983,326.01,-335.85,232.5,0
0.06212,0.99807,0.0019332,0.99613,-0.06212,0.06212,0.06212,-0.0019332,-0.99807,326.17,-335.86,232.2,0
0.066161,0.99781,0.0021935,0.99561,-0.066161,0.066161,0.066161,-0.0021935,-0.99781,326.34,-335.87,231.88,0
0.070317,0.99752,0.0024784,0.99504,-0.070317,0.070317,0.070317,-0.0024784,-0.99752,326.51,-335.88,231.56,0
0.074586,0.99721,0.0027893,0.99442,-0.074586,0.074586,0.074586,-0.0027893,-0.99721,326.69,-335.9,231.23,0
0.078967,0.99687,0.0031277,0.99374,-0.078967,0.078967,0.078967,-0.0031277,-0.99687,326.87,-335.91,230.89,0
0.083459,0.99651,0.0034949,0.99301,-0.083459,0.083459,0.083459,-0.0034949,-0.99651,327.06,-335.92,230.54,0
0.08806,0.99611,0.0038924,0.99222,-0.08806,0.08806,0.08806,-0.0038924,-0.99611,327.25,-335.93,230.18,0
0.092769,0.99568,0.0043217,0.99136,-0.092769,0.092769,0.092769,-0.0043217,-0.99568,327.44,-335.94,229.81,0
0.097584,0.99522,0.0047842,0.99043,-0.097584,0.097584,0.097584,-0.0047842,-0.99522,327.64,-335.95,229.43,0
0.1025,0.99472,0.0052814,0.98944,-0.1025,0.1025,0.1025,-0.0052814,-0.99472,327.85,-335.96,229.05,0
0.10753,0.99419,0.0058148,0.98837,-0.10753,0.10753,0.10753,-0.0058148,-0.99419,328.05,-335.96,228.66,0
0.11265,0.99361,0.006386,0.98723,-0.11265,0.11265,0.11265,-0.006386,-0.99361,328.27,-335.97,228.25,0
0.11788,0.993,0.0069964,0.98601,-0.11788,0.11788,0.11788,-0.0069964,-0.993,328.49,-335.98,227.84,0
0.1232,0.99235,0.0076476,0.9847,-0.1232,0.1232,0.1232,-0.0076476,-0.99235,328.71,-335.98,227.43,0
0.12862,0.99166,0.0083411,0.98332,-0.12862,0.12862,0.12862,-0.0083411,-0.99166,328.93,-335.98,227,0
0.13413,0.99092,0.0090785,0.98184,-0.13413,0.13413,0.13413,-0.0090785,-0.99092,329.17,-335.99,226.56,0
0.13974,0.99014,0.0098613,0.98028,-0.13974,0.13974,0.13974,-0.0098613,-0.99014,329.4,-335.99,226.12,0
0.14544,0.98931,0.010691,0.97862,-0.14544,0.14544,0.14544,-0.010691,-0.98931,329.64,-335.99,225.67,0
0.15123,0.98843,0.011569,0.97686,-0.15123,0.15123,0.15123,-0.011569,-0.98843,329.88,-335.99,225.21,0
0.15711,0.9875,0.012498,0.975,-0.15711,0.15711,0.15711,-0.012498,-0.9875,330.13,-335.99,224.74,0
0.16307,0.98652,0.013478,0.97304,-0.16307,0.16307,0.16307,-0.013478,-0.98652,330.38,-335.98,224.27,0
0.16912,0.98549,0.014511,0.97098,-0.16912,0.16912,0.16912,-0.014511,-0.98549,330.64,-335.98,223.79,0
0.17524,0.9844,0.015598,0.9688,-0.17524,0.17524,0.17524,-0.015598,-0.9844,330.9,-335.97,223.3,0
0.18145,0.98326,0.016742,0.96652,-0.18145,0.18145,0.18145,-0.016742,-0.98326,331.16,-335.97,222.8,0
0.18773,0.98206,0.017944,0.96411,-0.18773,0.18773,0.18773,-0.017944,-0.98206,331.43,-335.96,222.3,0
0.19409,0.98079,0.019205,0.96159,-0.19409,0.19409,0.19409,-0.019205,-0.98079,331.7,-335.94,221.79,0
0.20053,0.97947,0.020527,0.95895,-0.20053,0.20053,0.20053,-0.020527,-0.97947,331.98,-335.93,221.27,0
0.20703,0.97809,0.021911,0.95618,-0.20703,0.20703,0.20703,-0.021911,-0.97809,332.26,-335.92,220.74,0
0.2136,0.97664,0.023359,0.95328,-0.2136,0.2136,0.2136,-0.023359,-0.97664,332.54,-335.9,220.21,0
0.22024,0.97513,0.024871,0.95026,-0.22024,0.22024,0.22024,-0.024871,-0.97513,332.83,-335.88,219.67,0
0.22694,0.97355,0.026451,0.9471,-0.22694,0.22694,0.22694,-0.026451,-0.97355,333.12,-335.86,219.12,0
0.2337,0.9719,0.028098,0.9438,-0.2337,0.2337,0.2337,-0.028098,-0.9719,333.41,-335.84,218.57,0
0.24053,0.97018,0.029815,0.94037,-0.24053,0.24053,0.24053,-0.029815,-0.97018,333.71,-335.81,218.01,0
0.2474,0.9684,0.031603,0.93679,-0.2474,0.2474,0.2474,-0.031603,-0.9684,334.01,-335.79,217.44,0
0.25433,0.96654,0.033463,0.93307,-0.25433,0.25433,0.25433,-0.033463,-0.96654,334.32,-335.76,216.87,0
0.26132,0.9646,0.035396,0.92921,-0.26132,0.26132,0.26132,-0.035396,-0.9646,334.63,-335.72,216.29,0
0.26835,0.9626,0.037404,0.92519,-0.26835,0.26835,0.26835,-0.037404,-0.9626,334.94,-335.69,215.71,0
0.27542,0.96051,0.039488,0.92102,-0.27542,0.27542,0.27542,-0.039488,-0.96051,335.26,-335.65,215.12,0
0.28254,0.95835,0.04165,0.9167,-0.28254,0.28254,0.28254,-0.04165,-0.95835,335.58,-335.61,214.52,0
0.2897,0.95611,0.043889,0.91222,-0.2897,0.2897,0.2897,-0.043889,-0.95611,335.91,-335.57,213.91,0
0.2969,0.95379,0.046209,0.90758,-0.2969,0.2969,0.2969,-0.046209,-0.95379,336.24,-335.53,213.31,0
0.30413,0.95139,0.048609,0.90278,-0.30413,0.30413,0.30413,-0.048609,-0.95139,336.57,-335.48,212.69,0
0.31139,0.94891,0.051091,0.89782,-0.31139,0.31139,0.31139,-0.051091,-0.94891,336.9,-335.43,212.07,0
0.31868,0.94634,0.053656,0.89269,-0.31868,0.31868,0.31868,-0.053656,-0.94634,337.24,-335.38,211.44,0
0.32599,0.94369,0.056305,0.88739,-0.32599,0.32599,0.32599,-0.056305,-0.94369,337.59,-335.32,210.81,0
0.33333,0.94096,0.059039,0.88192,-0.33333,0.33333,0.33333,-0.059039,-0.94096,337.93,-335.26,210.18,0
0.34068,0.93814,0.061859,0.87628,-0.34068,0.34068,0.34068,-0.061859,-0.93814,338.28,-335.2,209.53,0
0.34806,0.93523,0.064766,0.87047,-0.34806,0.34806,0.34806,-0.064766,-0.93523,338.64,-335.14,208.89,0
0.35544,0.93224,0.06776,0.86448,-0.35544,0.35544,0.35544,-0.06776,-0.93224,338.99,-335.07,208.23,0
0.36283,0.92916,0.070843,0.85831,-0.36283,0.36283,0.36283,-0.070843,-0.92916,339.35,-335,207.58,0
0.37023,0.92599,0.074015,0.85197,-0.37023,0.37023,0.37023,-0.074015,-0.92599,339.72,-334.93,206.92,0
0.37764,0.92272,0.077276,0.84545,-0.37764,0.37764,0.37764,-0.077276,-0.92272,340.09,-334.85,206.25,0
0.38504,0.91937,0.080629,0.83874,-0.38504,0.38504,0.38504,-0.080629,-0.91937,340.46,-334.77,205.58,0
0.39244,0.91593,0.084072,0.83186,-0.39244,0.39244,0.39244,-0.084072,-0.91593,340.83,-334.69,204.9,0
0.39983,0.91239,0.087607,0.82479,-0.39983,0.39983,0.39983,-0.087607,-0.91239,341.21,-334.6,204.23,0
0.40721,0.90877,0.091235,0.81753,-0.40721,0.40721,0.40721,-0.091235,-0.90877,341.59,-334.51,203.54,0
0.41458,0.90505,0.094955,0.81009,-0.41458,0.41458,0.41458,-0.094955,-0.90505,341.98,-334.42,202.85,0
0.42193,0.90123,0.098768,0.80246,-0.42193,0.42193,0.42193,-0.098768,-0.90123,342.37,-334.32,202.16,0
0.42926,0.89733,0.10267,0.79465,-0.42926,0.42926,0.42926,-0.10267,-0.89733,342.76,-334.22,201.47,0
0.43657,0.89333,0.10667,0.78665,-0.43657,0.43657,0.43657,-0.10667,-0.89333,343.16,-334.12,200.77,0
0.44384,0.88923,0.11077,0.77846,-0.44384,0.44384,0.44384,-0.11077,-0.88923,343.56,-334.01,200.07,0
0.45109,0.88504,0.11496,0.77009,-0.45109,0.45109,0.45109,-0.11496,-0.88504,343.96,-333.9,199.36,0
0.4583,0.88076,0.11924,0.76152,-0.4583,0.4583,0.4583,-0.11924,-0.88076,344.37,-333.78,198.65,0
0.46548,0.87638,0.12362,0.75277,-0.46548,0.46548,0.46548,-0.12362,-0.87638,344.78,-333.67,197.94,0
0.47261,0.87191,0.12809,0.74383,-0.47261,0.47261,0.47261,-0.12809,-0.87191,345.2,-333.54,197.22,0
0.4797,0.86735,0.13265,0.7347,-0.4797,0.4797,0.4797,-0.13265,-0.86735,345.61,-333.42,196.5,0
0.48674,0.86269,0.13731,0.72538,-0.48674,0.48674,0.48674,-0.13731,-0.86269,346.04,-333.29,195.78,0
0.49372,0.85794,0.14206,0.71588,-0.49372,0.49372,0.49372,-0.14206,-0.85794,346.46,-333.16,195.06,0
0.50065,0.85309,0.14691,0.70618,-0.50065,0.50065,0.50065,-0.14691,-0.85309,346.89,-333.02,194.33,0
0.50752,0.84815,0.15185,0.69631,-0.50752,0.50752,0.50752,-0.15185,-0.84815,347.32,-332.88,193.6,0
0.51433,0.84312,0.15688,0.68624,-0.51433,0.51433,0.51433,-0.15688,-0.84312,347.76,-332.74,192.87,0
0.52107,0.838,0.162,0.67599,-0.52107,0.52107,0.52107,-0.162,-0.838,348.2,-332.59,192.14,0
0.52774,0.83278,0.16722,0.66556,-0.52774,0.52774,0.52774,-0.16722,-0.83278,348.64,-332.44,191.4,0
0.53434,0.82747,0.17253,0.65495,-0.53434,0.53434,0.53434,-0.17253,-0.82747,349.09,-332.29,190.66,0
0.54086,0.82208,0.17792,0.64415,-0.54086,0.54086,0.54086,-0.17792,-0.82208,349.54,-332.13,189.92,0
0.5473,0.81659,0.18341,0.63318,-0.5473,0.5473,0.5473,-0.18341,-0.81659,349.99,-331.97,189.18,0
0.55366,0.81101,0.18899,0.62203,-0.55366,0.55366,0.55366,-0.18899,-0.81101,350.45,-331.81,188.44,0
0.55993,0.80535,0.19465,0.6107,-0.55993,0.55993,0.55993,-0.19465,-0.80535,350.91,-331.64,187.69,0
0.56611,0.7996,0.2004,0.59919,-0.56611,0.56611,0.56611,-0.2004,-0.7996,351.38,-331.47,186.95,0
0.5722,0.79376,0.20624,0.58752,-0.5722,0.5722,0.5722,-0.20624,-0.79376,351.85,-331.29,186.2,0
0.57819,0.78784,0.21216,0.57567,-0.57819,0.57819,0.57819,-0.21216,-0.78784,352.32,-331.11,185.45,0
0.58408,0.78183,0.21817,0.56366,-0.58408,0.58408,0.58408,-0.21817,-0.78183,352.79,-330.93,184.7,0
0.58986,0.77574,0.22426,0.55148,-0.58986,0.58986,0.58986,-0.22426,-0.77574,353.27,-330.74,183.95,0
0.59554,0.76957,0.23043,0.53913,-0.59554,0.59554,0.59554,-0.23043,-0.76957,353.76,-330.55,183.2,0
0.60111,0.76331,0.23669,0.52663,-0.60111,0.60111,0.60111,-0.23669,-0.76331,354.24,-330.36,182.45,0
0.60656,0.75698,0.24302,0.51397,-0.60656,0.60656,0.60656,-0.24302,-0.75698,354.74,-330.16,181.69,0
0.6119,0.75057,0.24943,0.50115,-0.6119,0.6119,0.6119,-0.24943,-0.75057,355.23,-329.96,180.94,0
0.61712,0.74409,0.25591,0.48818,-0.61712,0.61712,0.61712,-0.25591,-0.74409,355.73,-329.76,180.19,0
0.62222,0.73753,0.26247,0.47506,-0.62222,0.62222,0.62222,-0.26247,-0.73753,356.23,-329.55,179.44,0
0.6272,0.7309,0.2691,0.46179,-0.6272,0.6272,0.6272,-0.2691,-0.7309,356.74,-329.34,178.68,0
0.63204,0.72419,0.27581,0.44838,-0.63204,0.63204,0.63204,-0.27581,-0.72419,357.25,-329.13,177.93,0
0.63676,0.71742,0.28258,0.43484,-0.63676,0.63676,0.63676,-0.28258,-0.71742,357.76,-328.91,177.18,0
0.64134,0.71058,0.28942,0.42115,-0.64134,0.64134,0.64134,-0.28942,-0.71058,358.28,-328.7,176.42,0
0.64579,0.70367,0.29633,0.40734,-0.64579,0.64579,0.64579,-0.29633,-0.70367,358.8,-328.47,175.67,0
0.65009,0.6967,0.3033,0.39339,-0.65009,0.65009,0.65009,-0.3033,-0.6967,359.32,-328.25,174.92,0
0.65426,0.68966,0.31034,0.37932,-0.65426,0.65426,0.65426,-0.31034,-0.68966,359.85,-328.02,174.17,0
0.65829,0.68257,0.31743,0.36513,-0.65829,0.65829,0.65829,-0.31743,-0.68257,360.38,-327.79,173.42,0
0.66216,0.67541,0.32459,0.35082,-0.66216,0.66216,0.66216,-0.32459,-0.67541,360.92,-327.55,172.67,0
0.66589,0.6682,0.3318,0.33641,-0.66589,0.66589,0.66589,-0.3318,-0.6682,361.46,-327.32,171.92,0
0.66948,0.66094,0.33906,0.32188,-0.66948,0.66948,0.66948,-0.33906,-0.66094,362,-327.08,171.17,0
0.6729,0.65362,0.34638,0.30725,-0.6729,0.6729,0.6729,-0.34638,-0.65362,362.54,-326.84,170.43,0
0.67618,0.64626,0.35374,0.29251,-0.67618,0.67618,0.67618,-0.35374,-0.64626,363.09,-326.59,169.68,0
0.6793,0.63884,0.36116,0.27769,-0.6793,0.6793,0.6793,-0.36116,-0.63884,363.65,-326.34,168.94,0
0.68226,0.63139,0.36861,0.26277,-0.68226,0.68226,0.68226,-0.36861,-0.63139,364.21,-326.09,168.2,0
0.68506,0.62388,0.37612,0.24777,-0.68506,0.68506,0.68506,-0.37612,-0.62388,364.77,-325.84,167.46,0
0.6877,0.61634,0.38366,0.23268,-0.6877,0.6877,0.6877,-0.38366,-0.61634,365.33,-325.59,166.72,0
0.69018,0.60876,0.39124,0.21752,-0.69018,0.69018,0.69018,-0.39124,-0.60876,365.9,-325.33,165.98,0
0.69249,0.60114,0.39886,0.20229,-0.69249,0.69249,0.69249,-0.39886,-0.60114,366.47,-325.07,165.25,0
0.69464,0.59349,0.40651,0.18699,-0.69464,0.69464,0.69464,-0.40651,-0.59349,367.05,-324.81,164.52,0
0.69662,0.58581,0.41419,0.17162,-0.69662,0.69662,0.69662,-0.41419,-0.58581,367.62,-324.55,163.79,0
0.69843,0.5781,0.4219,0.1562,-0.69843,0.69843,0.69843,-0.4219,-0.5781,368.21,-324.28,163.06,0
0.70007,0.57037,0.42963,0.14073,-0.70007,0.70007,0.70007,-0.42963,-0.57037,368.79,-324.02,162.33,0
0.70154,0.56261,0.43739,0.12522,-0.70154,0.70154,0.70154,-0.43739,-0.56261,369.38,-323.75,161.61,0
0.70284,0.55483,0.44517,0.10965,-0.70284,0.70284,0.70284,-0.44517,-0.55483,369.97,-323.48,160.89,0
0.70397,0.54703,0.45297,0.094058,-0.70397,0.70397,0.70397,-0.45297,-0.54703,370.57,-323.21,160.17,0
0.70493,0.53922,0.46078,0.07843,-0.70493,0.70493,0.70493,-0.46078,-0.53922,371.17,-322.93,159.45,0
0.70571,0.53139,0.46861,0.062776,-0.70571,0.70571,0.70571,-0.46861,-0.53139,371.77,-322.66,158.74,0
0.70632,0.52355,0.47645,0.0471,-0.70632,0.70632,0.70632,-0.47645,-0.52355,372.38,-322.38,158.03,0
0.70676,0.5157,0.4843,0.031409,-0.70676,0.70676,0.70676,-0.4843,-0.5157,372.99,-322.1,157.32,0
0.70702,0.50785,0.49215,0.015707,-0.70702,0.70702,0.70702,-0.49215,-0.50785,373.6,-321.83,156.62,0
0.70711,0.5,0.5,0,-0.70711,0.70711,0.70711,-0.5,-0.5,374.21,-321.55,155.91,0
0.70702,0.49215,0.50785,-0.015707,-0.70702,0.70702,0.70702,-0.50785,-0.49215,374.83,-321.27,155.21,0
0.70676,0.4843,0.5157,-0.031409,-0.70676,0.70676,0.70676,-0.5157,-0.4843,375.45,-320.99,154.52,0
0.70632,0.47645,0.52355,-0.0471,-0.70632,0.70632,0.70632,-0.52355,-0.47645,376.08,-320.71,153.83,0
0.70571,0.46861,0.53139,-0.062776,-0.70571,0.70571,0.70571,-0.53139,-0.46861,376.71,-320.42,153.14,0
0.70493,0.46078,0.53922,-0.07843,-0.70493,0.70493,0.70493,-0.53922,-0.46078,377.34,-320.14,152.45,0
0.70397,0.45297,0.54703,-0.094058,-0.70397,0.70397,0.70397,-0.54703,-0.45297,377.97,-319.86,151.77,0
0.70284,0.44517,0.55483,-0.10965,-0.70284,0.70284,0.70284,-0.55483,-0.44517,378.6,-319.57,151.09,0
0.70154,0.43739,0.56261,-0.12522,-0.70154,0.70154,0.70154,-0.56261,-0.43739,379.24,-319.29,150.42,0
0.70007,0.42963,0.57037,-0.14073,-0.70007,0.70007,0.70007,-0.57037,-0.42963,379.89,-319.01,149.75,0
0.69843,0.4219,0.5781,-0.1562,-0.69843,0.69843,0.69843,-0.5781,-0.4219,380.53,-318.72,149.08,0
0.69662,0.41419,0.58581,-0.17162,-0.69662,0.69662,0.69662,-0.58581,-0.41419,381.18,-318.44,148.41,0
0.69464,0.40651,0.59349,-0.18699,-0.69464,0.69464,0.69464,-0.59349,-0.40651,381.83,-318.15,147.75,0
0.69249,0.39886,0.60114,-0.20229,-0.69249,0.69249,0.69249,-0.60114,-0.39886,382.48,-317.87,147.1,0
0.69018,0.39124,0.60876,-0.21752,-0.69018,0.69018,0.69018,-0.60876,-0.39124,383.13,-317.59,146.45,0
0.6877,0.38366,0.61634,-0.23268,-0.6877,0.6877,0.6877,-0.61634,-0.38366,383.79,-317.3,145.8,0
0.68506,0.37612,0.62388,-0.24777,-0.68506,0.68506,0.68506,-0.62388,-0.37612,384.45,-317.02,145.15,0
0.68226,0.36861,0.63139,-0.26277,-0.68226,0.68226,0.68226,-0.63139,-0.36861,385.11,-316.74,144.51,0
0.6793,0.36116,0.63884,-0.27769,-0.6793,0.6793,0.6793,-0.63884,-0.36116,385.77,-316.46,143.88,0
0.67618,0.35374,0.64626,-0.29251,-0.67618,0.67618,0.67618,-0.64626,-0.35374,386.43,-316.18,143.24,0
0.6729,0.34638,0.65362,-0.30725,-0.6729,0.6729,0.6729,-0.65362,-0.34638,387.1,-315.9,142.62,0
0.66948,0.33906,0.66094,-0.32188,-0.66948,0.66948,0.66948,-0.66094,-0.33906,387.77,-315.62,141.99,0
0.66589,0.3318,0.6682,-0.33641,-0.66589,0.66589,0.66589,-0.6682,-0.3318,388.44,-315.34,141.37,0
0.66216,0.32459,0.67541,-0.35082,-0.66216,0.66216,0.66216,-0.67541,-0.32459,389.11,-315.06,140.76,0
0.65829,0.31743,0.68257,-0.36513,-0.65829,0.65829,0.65829,-0.68257,-0.31743,389.78,-314.79,140.15,0
0.65426,0.31034,0.68966,-0.37932,-0.65426,0.65426,0.65426,-0.68966,-0.31034,390.46,-314.52,139.54,0
0.65009,0.3033,0.6967,-0.39339,-0.65009,0.65009,0.65009,-0.6967,-0.3033,391.14,-314.24,138.94,0
0.64579,0.29633,0.70367,-0.40734,-0.64579,0.64579,0.64579,-0.70367,-0.29633,391.81,-313.97,138.34,0
0.64134,0.28942,0.71058,-0.42115,-0.64134,0.64134,0.64134,-0.71058,-0.28942,392.49,-313.7,137.74,0
0.63676,0.28258,0.71742,-0.43484,-0.63676,0.63676,0.63676,-0.71742,-0.28258,393.17,-313.43,137.15,0
0.63204,0.27581,0.72419,-0.44838,-0.63204,0.63204,0.63204,-0.72419,-0.27581,393.85,-313.17,136.57,0
0.6272,0.2691,0.7309,-0.46179,-0.6272,0.6272,0.6272,-0.7309,-0.2691,394.54,-312.9,135.99,0
0.62222,0.26247,0.73753,-0.47506,-0.62222,0.62222,0.62222,-0.73753,-0.26247,395.22,-312.64,135.41,0
0.61712,0.25591,0.74409,-0.48818,-0.61712,0.61712,0.61712,-0.74409,-0.25591,395.9,-312.38,134.84,0
0.6119,0.24943,0.75057,-0.50115,-0.6119,0.6119,0.6119,-0.75057,-0.24943,396.59,-312.12,134.27,0
0.60656,0.24302,0.75698,-0.51397,-0.60656,0.60656,0.60656,-0.75698,-0.24302,397.27,-311.87,133.71,0
0.60111,0.23669,0.76331,-0.52663,-0.60111,0.60111,0.60111,-0.76331,-0.23669,397.96,-311.61,133.15,0
0.59554,0.23043,0.76957,-0.53913,-0.59554,0.59554,0.59554,-0.76957,-0.23043,398.64,-311.36,132.6,0
0.58986,0.22426,0.77574,-0.55148,-0.58986,0.58986,0.58986,-0.77574,-0.22426,399.33,-311.11,132.05,0
0.58408,0.21817,0.78183,-0.56366,-0.58408,0.58408,0.58408,-0.78183,-0.21817,400.01,-310.86,131.51,0
0.57819,0.21216,0.78784,-0.57567,-0.57819,0.57819,0.57819,-0.78784,-0.21216,400.7,-310.62,130.97,0
0.5722,0.20624,0.79376,-0.58752,-0.5722,0.5722,0.5722,-0.79376,-0.20624,401.38,-310.37,130.43,0
0.56611,0.2004,0.7996,-0.59919,-0.56611,0.56611,0.56611,-0.7996,-0.2004,402.07,-310.13,129.9,0
0.55993,0.19465,0.80535,-0.6107,-0.55993,0.55993,0.55993,-0.80535,-0.19465,402.75,-309.9,129.37,0
0.55366,0.18899,0.81101,-0.62203,-0.55366,0.55366,0.55366,-0.81101,-0.18899,403.44,-309.66,128.85,0
0.5473,0.18341,0.81659,-0.63318,-0.5473,0.5473,0.5473,-0.81659,-0.18341,404.12,-309.43,128.34,0
0.54086,0.17792,0.82208,-0.64415,-0.54086,0.54086,0.54086,-0.82208,-0.17792,404.81,-309.2,127.82,0
0.53434,0.17253,0.82747,-0.65495,-0.53434,0.53434,0.53434,-0.82747,-0.17253,405.49,-308.97,127.32,0
0.52774,0.16722,0.83278,-0.66556,-0.52774,0.52774,0.52774,-0.83278,-0.16722,406.17,-308.75,126.81,0
0.52107,0.162,0.838,-0.67599,-0.52107,0.52107,0.52107,-0.838,-0.162,406.85,-308.53,126.31,0
0.51433,0.15688,0.84312,-0.68624,-0.51433,0.51433,0.51433,-0.84312,-0.15688,407.53,-308.31,125.82,0
0.50752,0.15185,0.84815,-0.69631,-0.50752,0.50752,0.50752,-0.84815,-0.15185,408.21,-308.1,125.33,0
0.50065,0.14691,0.85309,-0.70618,-0.50065,0.50065,0.50065,-0.85309,-0.14691,408.89,-307.88,124.85,0
0.49372,0.14206,0.85794,-0.71588,-0.49372,0.49372,0.49372,-0.85794,-0.14206,409.56,-307.67,124.37,0
0.48674,0.13731,0.86269,-0.72538,-0.48674,0.48674,0.48674,-0.86269,-0.13731,410.24,-307.47,123.89,0
0.4797,0.13265,0.86735,-0.7347,-0.4797,0.4797,0.4797,-0.86735,-0.13265,410.91,-307.26,123.42,0
0.47261,0.12809,0.87191,-0.74383,-0.47261,0.47261,0.47261,-0.87191,-0.12809,411.58,-307.06,122.95,0
0.46548,0.12362,0.87638,-0.75277,-0.46548,0.46548,0.46548,-0.87638,-0.12362,412.25,-306.87,122.49,0
0.4583,0.11924,0.88076,-0.76152,-0.4583,0.4583,0.4583,-0.88076,-0.11924,412.91,-306.67,122.03,0
0.45109,0.11496,0.88504,-0.77009,-0.45109,0.45109,0.45109,-0.88504,-0.11496,413.58,-306.48,121.58,0
0.44384,0.11077,0.88923,-0.77846,-0.44384,0.44384,0.44384,-0.88923,-0.11077,414.24,-306.3,121.13,0
0.43657,0.10667,0.89333,-0.78665,-0.43657,0.43657,0.43657,-0.89333,-0.10667,414.9,-306.11,120.69,0
0.42926,0.10267,0.89733,-0.79465,-0.42926,0.42926,0.42926,-0.89733,-0.10267,415.56,-305.93,120.25,0
0.42193,0.098768,0.90123,-0.80246,-0.42193,0.42193,0.42193,-0.90123,-0.098768,416.21,-305.75,119.82,0
0.41458,0.094955,0.90505,-0.81009,-0.41458,0.41458,0.41458,-0.90505,-0.094955,416.86,-305.58,119.39,0
0.40721,0.091235,0.90877,-0.81753,-0.40721,0.40721,0.40721,-0.90877,-0.091235,417.51,-305.41,118.96,0
0.39983,0.087607,0.91239,-0.82479,-0.39983,0.39983,0.39983,-0.91239,-0.087607,418.15,-305.24,118.54,0
0.39244,0.084072,0.91593,-0.83186,-0.39244,0.39244,0.39244,-0.91593,-0.084072,418.8,-305.07,118.12,0
0.38504,0.080629,0.91937,-0.83874,-0.38504,0.38504,0.38504,-0.91937,-0.080629,419.43,-304.91,117.71,0
0.37764,0.077276,0.92272,-0.84545,-0.37764,0.37764,0.37764,-0.92272,-0.077276,420.07,-304.75,117.31,0
0.37023,0.074015,0.92599,-0.85197,-0.37023,0.37023,0.37023,-0.92599,-0.074015,420.7,-304.6,116.9,0
0.36283,0.070843,0.92916,-0.85831,-0.36283,0.36283,0.36283,-0.92916,-0.070843,421.33,-304.45,116.51,0
0.35544,0.06776,0.93224,-0.86448,-0.35544,0.35544,0.35544,-0.93224,-0.06776,421.95,-304.3,116.11,0
0.34806,0.064766,0.93523,-0.87047,-0.34806,0.34806,0.34806,-0.93523,-0.064766,422.57,-304.15,115.72,0
0.34068,0.061859,0.93814,-0.87628,-0.34068,0.34068,0.34068,-0.93814,-0.061859,423.19,-304.01,115.34,0
0.33333,0.059039,0.94096,-0.88192,-0.33333,0.33333,0.33333,-0.94096,-0.059039,423.8,-303.87,114.96,0
0.32599,0.056305,0.94369,-0.88739,-0.32599,0.32599,0.32599,-0.94369,-0.056305,424.41,-303.73,114.58,0
0.31868,0.053656,0.94634,-0.89269,-0.31868,0.31868,0.31868,-0.94634,-0.053656,425.01,-303.6,114.21,0
0.31139,0.051091,0.94891,-0.89782,-0.31139,0.31139,0.31139,-0.94891,-0.051091,425.61,-303.47,113.84,0
0.30413,0.048609,0.95139,-0.90278,-0.30413,0.30413,0.30413,-0.95139,-0.048609,426.21,-303.34,113.48,0
0.2969,0.046209,0.95379,-0.90758,-0.2969,0.2969,0.2969,-0.95379,-0.046209,426.8,-303.22,113.13,0
0.2897,0.043889,0.95611,-0.91222,-0.2897,0.2897,0.2897,-0.95611,-0.043889,427.38,-303.1,112.77,0
0.28254,0.04165,0.95835,-0.9167,-0.28254,0.28254,0.28254,-0.95835,-0.04165,427.96,-302.98,112.42,0
0.27542,0.039488,0.96051,-0.92102,-0.27542,0.27542,0.27542,-0.96051,-0.039488,428.53,-302.87,112.08,0
0.26835,0.037404,0.9626,-0.92519,-0.26835,0.26835,0.26835,-0.9626,-0.037404,429.1,-302.75,111.74,0
0.26132,0.035396,0.9646,-0.92921,-0.26132,0.26132,0.26132,-0.9646,-0.035396,429.67,-302.65,111.4,0
0.25433,0.033463,0.96654,-0.93307,-0.25433,0.25433,0.25433,-0.96654,-0.033463,430.23,-302.54,111.07,0
0.2474,0.031603,0.9684,-0.93679,-0.2474,0.2474,0.2474,-0.9684,-0.031603,430.78,-302.44,110.75,0
0.24053,0.029815,0.97018,-0.94037,-0.24053,0.24053,0.24053,-0.97018,-0.029815,431.33,-302.34,110.43,0
0.2337,0.028098,0.9719,-0.9438,-0.2337,0.2337,0.2337,-0.9719,-0.028098,431.87,-302.24,110.11,0
0.22694,0.026451,0.97355,-0.9471,-0.22694,0.22694,0.22694,-0.97355,-0.026451,432.4,-302.14,109.8,0
0.22024,0.024871,0.97513,-0.95026,-0.22024,0.22024,0.22024,-0.97513,-0.024871,432.93,-302.05,109.49,0
0.2136,0.023359,0.97664,-0.95328,-0.2136,0.2136,0.2136,-0.97664,-0.023359,433.46,-301.96,109.19,0
0.20703,0.021911,0.97809,-0.95618,-0.20703,0.20703,0.20703,-0.97809,-0.021911,433.97,-301.88,108.89,0
0.20053,0.020527,0.97947,-0.95895,-0.20053,0.20053,0.20053,-0.97947,-0.020527,434.49,-301.79,108.59,0
0.19409,0.019205,0.98079,-0.96159,-0.19409,0.19409,0.19409,-0.98079,-0.019205,434.99,-301.71,108.3,0
0.18773,0.017944,0.98206,-0.96411,-0.18773,0.18773,0.18773,-0.98206,-0.017944,435.49,-301.63,108.02,0
0.18145,0.016742,0.98326,-0.96652,-0.18145,0.18145,0.18145,-0.98326,-0.016742,435.98,-301.56,107.74,0
0.17524,0.015598,0.9844,-0.9688,-0.17524,0.17524,0.17524,-0.9844,-0.015598,436.46,-301.48,107.46,0
0.16912,0.014511,0.98549,-0.97098,-0.16912,0.16912,0.16912,-0.98549,-0.014511,436.94,-301.41,107.19,0
0.16307,0.013478,0.98652,-0.97304,-0.16307,0.16307,0.16307,-0.98652,-0.013478,437.41,-301.34,106.92,0
0.15711,0.012498,0.9875,-0.975,-0.15711,0.15711,0.15711,-0.9875,-0.012498,437.88,-301.28,106.66,0
0.15123,0.011569,0.98843,-0.97686,-0.15123,0.15123,0.15123,-0.98843,-0.011569,438.33,-301.21,106.41,0
0.14544,0.010691,0.98931,-0.97862,-0.14544,0.14544,0.14544,-0.98931,-0.010691,438.78,-301.15,106.15,0
0.13974,0.0098613,0.99014,-0.98028,-0.13974,0.13974,0.13974,-0.99014,-0.0098613,439.23,-301.09,105.9,0
0.13413,0.0090785,0.99092,-0.98184,-0.13413,0.13413,0.13413,-0.99092,-0.0090785,439.66,-301.03,105.66,0
0.12862,0.0083411,0.99166,-0.98332,-0.12862,0.12862,0.12862,-0.99166,-0.0083411,440.09,-300.98,105.42,0
0.1232,0.0076476,0.99235,-0.9847,-0.1232,0.1232,0.1232,-0.99235,-0.0076476,440.51,-300.93,105.19,0
0.11788,0.0069964,0.993,-0.98601,-0.11788,0.11788,0.11788,-0.993,-0.0069964,440.92,-300.87,104.96,0
0.11265,0.006386,0.99361,-0.98723,-0.11265,0.11265,0.11265,-0.99361,-0.006386,441.32,-300.82,104.74,0
0.10753,0.0058148,0.99419,-0.98837,-0.10753,0.10753,0.10753,-0.99419,-0.0058148,441.72,-300.78,104.52,0
0.1025,0.0052814,0.99472,-0.98944,-0.1025,0.1025,0.1025,-0.99472,-0.0052814,442.1,-300.73,104.3,0
0.097584,0.0047842,0.99522,-0.99043,-0.097584,0.097584,0.097584,-0.99522,-0.0047842,442.48,-300.69,104.09,0
0.092769,0.0043217,0.99568,-0.99136,-0.092769,0.092769,0.092769,-0.99568,-0.0043217,442.86,-300.65,103.89,0
0.08806,0.0038924,0.99611,-0.99222,-0.08806,0.08806,0.08806,-0.99611,-0.0038924,443.22,-300.61,103.69,0
0.083459,0.0034949,0.99651,-0.99301,-0.083459,0.083459,0.083459,-0.99651,-0.0034949,443.57,-300.57,103.49,0
0.078967,0.0031277,0.99687,-0.99374,-0.078967,0.078967,0.078967,-0.99687,-0.0031277,443.92,-300.53,103.3,0
0.074586,0.0027893,0.99721,-0.99442,-0.074586,0.074586,0.074586,-0.99721,-0.0027893,444.26,-300.49,103.12,0
0.070317,0.0024784,0.99752,-0.99504,-0.070317,0.070317,0.070317,-0.99752,-0.0024784,444.59,-300.46,102.94,0
0.066161,0.0021935,0.99781,-0.99561,-0.066161,0.066161,0.066161,-0.99781,-0.0021935,444.91,-300.43,102.76,0
0.06212,0.0019332,0.99807,-0.99613,-0.06212,0.06212,0.06212,-0.99807,-0.0019332,445.22,-300.4,102.59,0
0.058195,0.0016962,0.9983,-0.99661,-0.058195,0.058195,0.058195,-0.9983,-0.0016962,445.52,-300.37,102.43,0
0.054388,0.0014812,0.99852,-0.99704,-0.054388,0.054388,0.054388,-0.99852,-0.0014812,445.81,-300.34,102.27,0
0.050699,0.0012868,0.99871,-0.99743,-0.050699,0.050699,0.050699,-0.99871,-0.0012868,446.1,-300.31,102.11,0
0.047129,0.0011118,0.99889,-0.99778,-0.047129,0.047129,0.047129,-0.99889,-0.0011118,446.37,-300.29,101.96,0
0.043681,0.00095493,0.99905,-0.99809,-0.043681,0.043681,0.043681,-0.99905,-0.00095493,446.64,-300.27,101.82,0
0.040355,0.00081493,0.99919,-0.99837,-0.040355,0.040355,0.040355,-0.99919,-0.00081493,446.89,-300.24,101.68,0
0.037152,0.00069062,0.99931,-0.99862,-0.037152,0.037152,0.037152,-0.99931,-0.00069062,447.14,-300.22,101.55,0
0.034074,0.00058085,0.99942,-0.99884,-0.034074,0.034074,0.034074,-0.99942,-0.00058085,447.38,-300.2,101.42,0
0.031121,0.0004845,0.99952,-0.99903,-0.031121,0.031121,0.031121,-0.99952,-0.0004845,447.6,-300.18,101.29,0
0.028295,0.00040047,0.9996,-0.9992,-0.028295,0.028295,0.028295,-0.9996,-0.00040047,447.82,-300.16,101.18,0
0.025597,0.00032771,0.99967,-0.99934,-0.025597,0.025597,0.025597,-0.99967,-0.00032771,448.03,-300.15,101.06,0
0.023028,0.00026521,0.99973,-0.99947,-0.023028,0.023028,0.023028,-0.99973,-0.00026521,448.23,-300.13,100.96,0
0.020589,0.00021199,0.99979,-0.99958,-0.020589,0.020589,0.020589,-0.99979,-0.00021199,448.41,-300.12,100.86,0
0.01828,0.00016711,0.99983,-0.99967,-0.01828,0.01828,0.01828,-0.99983,-0.00016711,448.59,-300.1,100.76,0
0.016104,0.00012969,0.99987,-0.99974,-0.016104,0.016104,0.016104,-0.99987,-0.00012969,448.76,-300.09,100.67,0
0.014061,9.8865e-05,0.9999,-0.9998,-0.014061,0.014061,0.014061,-0.9999,-9.8865e-05,448.92,-300.08,100.58,0
0.012152,7.3841e-05,0.99993,-0.99985,-0.012152,0.012152,0.012152,-0.99993,-7.3841e-05,449.06,-300.07,100.5,0
0.010378,5.3856e-05,0.99995,-0.99989,-0.010378,0.010378,0.010378,-0.99995,-5.3856e-05,449.2,-300.06,100.43,0
0.0087406,3.82e-05,0.99996,-0.99992,-0.0087406,0.0087406,0.0087406,-0.99996,-3.82e-05,449.33,-300.05,100.36,0
0.0072401,2.621e-05,0.99997,-0.99995,-0.0072401,0.0072401,0.0072401,-0.99997,-2.621e-05,449.44,-300.04,100.3,0
0.0058779,1.7275e-05,0.99998,-0.99997,-0.0058779,0.0058779,0.0058779,-0.99998,-1.7275e-05,449.55,-300.03,100.24,0
0.0046548,1.0834e-05,0.99999,-0.99998,-0.0046548,0.0046548,0.0046548,-0.99999,-1.0834e-05,449.64,-300.03,100.19,0
0.0035719,6.3793e-06,0.99999,-0.99999,-0.0035719,0.0035719,0.0035719,-0.99999,-6.3793e-06,449.72,-300.02,100.15,0
0.0026302,3.4589e-06,1,-0.99999,-0.0026302,0.0026302,0.0026302,-1,-3.4589e-06,449.8,-300.01,100.11,0
0.0018306,1.6756e-06,1,-1,-0.0018306,0.0018306,0.0018306,-1,-1.6756e-06,449.86,-300.01,100.08,0
0.0011742,6.8942e-07,1,-1,-0.0011742,0.0011742,0.0011742,-1,-6.8942e-07,449.91,-300.01,100.05,0
0.00066199,2.1912e-07,1,-1,-0.00066199,0.00066199,0.00066199,-1,-2.1912e-07,449.95,-300,100.03,0
0.00029488,4.3476e-08,1,-1,-0.00029488,0.00029488,0.00029488,-1,-4.3476e-08,449.98,-300,100.01,0
7.3883e-05,2.7294e-09,1,-1,-7.3883e-05,7.3883e-05,7.3883e-05,-1,-2.7294e-09,449.99,-300,100,0
8.6596e-17,-2.2204e-16,1,-1,-8.6596e-17,8.6596e-17,8.6596e-17,-1,2.2204e-16,450,-300,100,0
0,0,1,-1,0,0,0,-1,0,450,-300,100,0
0,0,1,-1,0,0,0,-1,0,450,-300,99.993,0
0,0,1,-1,0,0,0,-1,0,450,-300,99.97,0
0,0,1,-1,0,0,0,-1,0,450,-300,99.933,0
0,0,1,-1,0,0,0,-1,0,450,-300,99.882,0
0,0,1,-1,0,0,0,-1,0,450,-300,99.816,0
0,0,1,-1,0,0,0,-1,0,450,-300,99.735,0
0,0,1,-1,0,0,0,-1,0,450,-300,99.641,0
0,0,1,-1,0,0,0,-1,0,450,-300,99.533,0
0,0,1,-1,0,0,0,-1,0,450,-300,99.411,0
0,0,1,-1,0,0,0,-1,0,450,-300,99.275,0
0,0,1,-1,0,0,0,-1,0,450,-300,99.126,0
0,0,1,-1,0,0,0,-1,0,450,-300,98.963,0
0,0,1,-1,0,0,0,-1,0,450,-300,98.787,0
0,0,1,-1,0,0,0,-1,0,450,-300,98.599,0
0,0,1,-1,0,0,0,-1,0,450,-300,98.397,0
0,0,1,-1,0,0,0,-1,0,450,-300,98.182,0
0,0,1,-1,0,0,0,-1,0,450,-300,97.955,0
0,0,1,-1,0,0,0,-1,0,450,-300,97.716,0
0,0,1,-1,0,0,0,-1,0,450,-300,97.464,0
0,0,1,-1,0,0,0,-1,0,450,-300,97.2,0
0,0,1,-1,0,0,0,-1,0,450,-300,96.924,0
0,0,1,-1,0,0,0,-1,0,450,-300,96.636,0
0,0,1,-1,0,0,0,-1,0,450,-300,96.337,0
0,0,1,-1,0,0,0,-1,0,450,-300,96.026,0
0,0,1,-1,0,0,0,-1,0,450,-300,95.703,0
0,0,1,-1,0,0,0,-1,0,450,-300,95.369,0
0,0,1,-1,0,0,0,-1,0,450,-300,95.025,0
0,0,1,-1,0,0,0,-1,0,450,-300,94.669,0
0,0,1,-1,0,0,0,-1,0,450,-300,94.302,0
0,0,1,-1,0,0,0,-1,0,450,-300,93.925,0
0,0,1,-1,0,0,0,-1,0,450,-300,93.537,0
0,0,1,-1,0,0,0,-1,0,450,-300,93.139,0
0,0,1,-1,0,0,0,-1,0,450,-300,92.731,0
0,0,1,-1,0,0,0,-1,0,450,-300,92.313,0
0,0,1,-1,0,0,0,-1,0,450,-300,91.884,0
0,0,1,-1,0,0,0,-1,0,450,-300,91.446,0
0,0,1,-1,0,0,0,-1,0,450,-300,90.999,0
0,0,1,-1,0,0,0,-1,0,450,-300,90.542,0
0,0,1,-1,0,0,0,-1,0,450,-300,90.075,0
0,0,1,-1,0,0,0,-1,0,450,-300,89.6,0
0,0,1,-1,0,0,0,-1,0,450,-300,89.116,0
0,0,1,-1,0,0,0,-1,0,450,-300,88.622,0
0,0,1,-1,0,0,0,-1,0,450,-300,88.12,0
0,0,1,-1,0,0,0,-1,0,450,-300,87.61,0
0,0,1,-1,0,0,0,-1,0,450,-300,87.091,0
0,0,1,-1,0,0,0,-1,0,450,-300,86.563,0
0,0,1,-1,0,0,0,-1,0,450,-300,86.028,0
0,0,1,-1,0,0,0,-1,0,450,-300,85.485,0
0,0,1,-1,0,0,0,-1,0,450,-300,84.934,0
0,0,1,-1,0,0,0,-1,0,450,-300,84.375,0
0,0,1,-1,0,0,0,-1,0,450,-300,83.809,0
0,0,1,-1,0,0,0,-1,0,450,-300,83.235,0
0,0,1,-1,0,0,0,-1,0,450,-300,82.654,0
0,0,1,-1,0,0,0,-1,0,450,-300,82.067,0
0,0,1,-1,0,0,0,-1,0,450,-300,81.472,0
0,0,1,-1,0,0,0,-1,0,450,-300,80.87,0
0,0,1,-1,0,0,0,-1,0,450,-300,80.262,0
0,0,1,-1,0,0,0,-1,0,450,-300,79.648,0
0,0,1,-1,0,0,0,-1,0,450,-300,79.027,0
0,0,1,-1,0,0,0,-1,0,450,-300,78.4,0
0,0,1,-1,0,0,0,-1,0,450,-300,77.767,0
0,0,1,-1,0,0,0,-1,0,450,-300,77.128,0
0,0,1,-1,0,0,0,-1,0,450,-300,76.484,0
0,0,1,-1,0,0,0,-1,0,450,-300,75.834,0
0,0,1,-1,0,0,0,-1,0,450,-300,75.178,0
0,0,1,-1,0,0,0,-1,0,450,-300,74.517,0
0,0,1,-1,0,0,0,-1,0,450,-300,73.852,0
0,0,1,-1,0,0,0,-1,0,450,-300,73.181,0
0,0,1,-1,0,0,0,-1,0,450,-300,72.505,0
0,0,1,-1,0,0,0,-1,0,450,-300,71.825,0
0,0,1,-1,0,0,0,-1,0,450,-300,71.14,0
0,0,1,-1,0,0,0,-1,0,450,-300,70.451,0
0,0,1,-1,0,0,0,-1,0,450,-300,69.758,0
0,0,1,-1,0,0,0,-1,0,450,-300,69.061,0
0,0,1,-1,0,0,0,-1,0,450,-300,68.359,0
0,0,1,-1,0,0,0,-1,0,450,-300,67.654,0
0,0,1,-1,0,0,0,-1,0,450,-300,66.946,0
0,0,1,-1,0,0,0,-1,0,450,-300,66.234,0
0,0,1,-1,0,0,0,-1,0,450,-300,65.518,0
0,0,1,-1,0,0,0,-1,0,450,-300,64.8,0
0,0,1,-1,0,0,0,-1,0,450,-300,64.079,0
0,0,1,-1,0,0,0,-1,0,450,-300,63.354,0
0,0,1,-1,0,0,0,-1,0,450,-300,62.627,0
0,0,1,-1,0,0,0,-1,0,450,-300,61.898,0
0,0,1,-1,0,0,0,-1,0,450,-300,61.166,0
0,0,1,-1,0,0,0,-1,0,450,-300,60.431,0
0,0,1,-1,0,0,0,-1,0,450,-300,59.695,0
0,0,1,-1,0,0,0,-1,0,450,-300,58.957,0
0,0,1,-1,0,0,0,-1,0,450,-300,58.217,0
0,0,1,-1,0,0,0,-1,0,450,-300,57.475,0
0,0,1,-1,0,0,0,-1,0,450,-300,56.732,0
0,0,1,-1,0,0,0,-1,0,450,-300,55.987,0
0,0,1,-1,0,0,0,-1,0,450,-300,55.241,0
0,0,1,-1,0,0,0,-1,0,450,-300,54.495,0
0,0,1,-1,0,0,0,-1,0,450,-300,53.747,0
0,0,1,-1,0,0,0,-1,0,450,-300,52.998,0
0,0,1,-1,0,0,0,-1,0,450,-300,52.249,0
0,0,1,-1,0,0,0,-1,0,450,-300,51.5,0
0,0,1,-1,0,0,0,-1,0,450,-300,50.75,0
0,0,1,-1,0,0,0,-1,0,450,-300,50,0
0,0,1,-1,0,0,0,-1,0,450,-300,49.25,0
0,0,1,-1,0,0,0,-1,0,450,-300,48.5,0
0,0,1,-1,0,0,0,-1,0,450,-300,47.751,0
0,0,1,-1,0,0,0,-1,0,450,-300,47.002,0
0,0,1,-1,0,0,0,-1,0,450,-300,46.253,0
0,0,1,-1,0,0,0,-1,0,450,-300,45.505,0
0,0,1,-1,0,0,0,-1,0,450,-300,44.759,0
0,0,1,-1,0,0,0,-1,0,450,-300,44.013,0
0,0,1,-1,0,0,0,-1,0,450,-300,43.268,0
0,0,1,-1,0,0,0,-1,0,450,-300,42.525,0
0,0,1,-1,0,0,0,-1,0,450,-300,41.783,0
0,0,1,-1,0,0,0,-1,0,450,-300,41.043,0
0,0,1,-1,0,0,0,-1,0,450,-300,40.305,0
0,0,1,-1,0,0,0,-1,0,450,-300,39.569,0
0,0,1,-1,0,0,0,-1,0,450,-300,38.834,0
0,0,1,-1,0,0,0,-1,0,450,-300,38.102,0
0,0,1,-1,0,0,0,-1,0,450,-300,37.373,0
0,0,1,-1,0,0,0,-1,0,450,-300,36.646,0
0,0,1,-1,0,0,0,-1,0,450,-300,35.921,0
0,0,1,-1,0,0,0,-1,0,450,-300,35.2,0
0,0,1,-1,0,0,0,-1,0,450,-300,34.482,0
0,0,1,-1,0,0,0,-1,0,450,-300,33.766,0
0,0,1,-1,0,0,0,-1,0,450,-300,33.054,0
0,0,1,-1,0,0,0,-1,0,450,-300,32.346,0
0,0,1,-1,0,0,0,-1,0,450,-300,31.641,0
0,0,1,-1,0,0,0,-1,0,450,-300,30.939,0
0,0,1,-1,0,0,0,-1,0,450,-300,30.242,0
0,0,1,-1,0,0,0,-1,0,450,-300,29.549,0
0,0,1,-1,0,0,0,-1,0,450,-300,28.86,0
0,0,1,-1,0,0,0,-1,0,450,-300,28.175,0
0,0,1,-1,0,0,0,-1,0,450,-300,27.495,0
0,0,1,-1,0,0,0,-1,0,450,-300,26.819,0
0,0,1,-1,0,0,0,-1,0,450,-300,26.148,0
0,0,1,-1,0,0,0,-1,0,450,-300,25.483,0
0,0,1,-1,0,0,0,-1,0,450,-300,24.822,0
0,0,1,-1,0,0,0,-1,0,450,-300,24.166,0
0,0,1,-1,0,0,0,-1,0,450,-300,23.516,0
0,0,1,-1,0,0,0,-1,0,450,-300,22.872,0
0,0,1,-1,0,0,0,-1,0,450,-300,22.233,0
0,0,1,-1,0,0,0,-1,0,450,-300,21.6,0
0,0,1,-1,0,0,0,-1,0,450,-300,20.973,0
0,0,1,-1,0,0,0,-1,0,450,-300,20.352,0
0,0,1,-1,0,0,0,-1,0,450,-300,19.738,0
0,0,1,-1,0,0,0,-1,0,450,-300,19.13,0
0,0,1,-1,0,0,0,-1,0,450,-300,18.528,0
0,0,1,-1,0,0,0,-1,0,450,-300,17.933,0
0,0,1,-1,0,0,0,-1,0,450,-300,17.346,0
0,0,1,-1,0,0,0,-1,0,450,-300,16.765,0
0,0,1,-1,0,0,0,-1,0,450,-300,16.191,0
0,0,1,-1,0,0,0,-1,0,450,-300,15.625,0
0,0,1,-1,0,0,0,-1,0,450,-300,15.066,0
0,0,1,-1,0,0,0,-1,0,450,-300,14.515,0
0,0,1,-1,0,0,0,-1,0,450,-300,13.972,0
0,0,1,-1,0,0,0,-1,0,450,-300,13.437,0
0,0,1,-1,0,0,0,-1,0,450,-300,12.909,0
0,0,1,-1,0,0,0,-1,0,450,-300,12.39,0
0,0,1,-1,0,0,0,-1,0,450,-300,11.88,0
0,0,1,-1,0,0,0,-1,0,450,-300,11.378,0
0,0,1,-1,0,0,0,-1,0,450,-300,10.884,0
0,0,1,-1,0,0,0,-1,0,450,-300,10.4,0
0,0,1,-1,0,0,0,-1,0,450,-300,9.9245,0
0,0,1,-1,0,0,0,-1,0,450,-300,9.4582,0
0,0,1,-1,0,0,0,-1,0,450,-300,9.0012,0
0,0,1,-1,0,0,0,-1,0,450,-300,8.5536,0
0,0,1,-1,0,0,0,-1,0,450,-300,8.1156,0
0,0,1,-1,0,0,0,-1,0,450,-300,7.6874,0
0,0,1,-1,0,0,0,-1,0,450,-300,7.2691,0
0,0,1,-1,0,0,0,-1,0,450,-300,6.8608,0
0,0,1,-1,0,0,0,-1,0,450,-300,6.4627,0
0,0,1,-1,0,0,0,-1,0,450,-300,6.075,0
0,0,1,-1,0,0,0,-1,0,450,-300,5.6978,0
0,0,1,-1,0,0,0,-1,0,450,-300,5.3312,0
0,0,1,-1,0,0,0,-1,0,450,-300,4.9754,0
0,0,1,-1,0,0,0,-1,0,450,-300,4.6306,0
0,0,1,-1,0,0,0,-1,0,450,-300,4.2969,0
0,0,1,-1,0,0,0,-1,0,450,-300,3.9744,0
0,0,1,-1,0,0,0,-1,0,450,-300,3.6633,0
0,0,1,-1,0,0,0,-1,0,450,-300,3.3638,0
0,0,1,-1,0,0,0,-1,0,450,-300,3.076,0
0,0,1,-1,0,0,0,-1,0,450,-300,2.8,0
0,0,1,-1,0,0,0,-1,0,450,-300,2.536,0
0,0,1,-1,0,0,0,-1,0,450,-300,2.2842,0
0,0,1,-1,0,0,0,-1,0,450,-300,2.0447,0
0,0,1,-1,0,0,0,-1,0,450,-300,1.8176,0
0,0,1,-1,0,0,0,-1,0,450,-300,1.6031,0
0,0,1,-1,0,0,0,-1,0,450,-300,1.4014,0
0,0,1,-1,0,0,0,-1,0,450,-300,1.2126,0
0,0,1,-1,0,0,0,-1,0,450,-300,1.0368,0
0,0,1,-1,0,0,0,-1,0,450,-300,0.87423,0
0,0,1,-1,0,0,0,-1,0,450,-300,0.725,0
0,0,1,-1,0,0,0,-1,0,450,-300,0.58927,0
0,0,1,-1,0,0,0,-1,0,450,-300,0.4672,0
0,0,1,-1,0,0,0,-1,0,450,-300,0.35892,0
0,0,1,-1,0,0,0,-1,0,450,-300,0.2646,0
0,0,1,-1,0,0,0,-1,0,450,-300,0.18438,0
0,0,1,-1,0,0,0,-1,0,450,-300,0.1184,0
0,0,1,-1,0,0,0,-1,0,450,-300,0.066825,0
0,0,1,-1,0,0,0,-1,0,450,-300,0.0298,0
0,0,1,-1,0,0,0,-1,0,450,-300,0.007475,0
0,0,1,-1,0,0,0,-1,0,450,-300,0,0
0,0,1,-1,0,0,0,-1,0,450,-300,0,1
0,0,1,-1,0,0,0,-1,0,450,-300,0.007475,1
0,0,1,-1,0,0,0,-1,0,450,-300,0.0298,1
0,0,1,-1,0,0,0,-1,0,450,-300,0.066825,1
0,0,1,-1,0,0,0,-1,0,450,-300,0.1184,1
0,0,1,-1,0,0,0,-1,0,450,-300,0.18438,1
0,0,1,-1,0,0,0,-1,0,450,-300,0.2646,1
0,0,1,-1,0,0,0,-1,0,450,-300,0.35893,1
0,0,1,-1,0,0,0,-1,0,450,-300,0.4672,1
0,0,1,-1,0,0,0,-1,0,450,-300,0.58927,1
0,0,1,-1,0,0,0,-1,0,450,-300,0.725,1
0,0,1,-1,0,0,0,-1,0,450,-300,0.87423,1
0,0,1,-1,0,0,0,-1,0,450,-300,1.0368,1
0,0,1,-1,0,0,0,-1,0,450,-300,1.2126,1
0,0,1,-1,0,0,0,-1,0,450,-300,1.4014,1
0,0,1,-1,0,0,0,-1,0,450,-300,1.6031,1
0,0,1,-1,0,0,0,-1,0,450,-300,1.8176,1
0,0,1,-1,0,0,0,-1,0,450,-300,2.0447,1
0,0,1,-1,0,0,0,-1,0,450,-300,2.2842,1
0,0,1,-1,0,0,0,-1,0,450,-300,2.536,1
0,0,1,-1,0,0,0,-1,0,450,-300,2.8,1
0,0,1,-1,0,0,0,-1,0,450,-300,3.076,1
0,0,1,-1,0,0,0,-1,0,450,-300,3.3638,1
0,0,1,-1,0,0,0,-1,0,450,-300,3.6633,1
0,0,1,-1,0,0,0,-1,0,450,-300,3.9744,1
0,0,1,-1,0,0,0,-1,0,450,-300,4.2969,1
0,0,1,-1,0,0,0,-1,0,450,-300,4.6306,1
0,0,1,-1,0,0,0,-1,0,450,-300,4.9754,1
0,0,1,-1,0,0,0,-1,0,450,-300,5.3312,1
0,0,1,-1,0,0,0,-1,0,450,-300,5.6978,1
0,0,1,-1,0,0,0,-1,0,450,-300,6.075,1
0,0,1,-1,0,0,0,-1,0,450,-300,6.4627,1
0,0,1,-1,0,0,0,-1,0,450,-300,6.8608,1
0,0,1,-1,0,0,0,-1,0,450,-300,7.2691,1
0,0,1,-1,0,0,0,-1,0,450,-300,7.6874,1
0,0,1,-1,0,0,0,-1,0,450,-300,8.1156,1
0,0,1,-1,0,0,0,-1,0,450,-300,8.5536,1
0,0,1,-1,0,0,0,-1,0,450,-300,9.0012,1
0,0,1,-1,0,0,0,-1,0,450,-300,9.4582,1
0,0,1,-1,0,0,0,-1,0,450,-300,9.9245,1
0,0,1,-1,0,0,0,-1,0,450,-300,10.4,1
0,0,1,-1,0,0,0,-1,0,450,-300,10.884,1
0,0,1,-1,0,0,0,-1,0,450,-300,11.378,1
0,0,1,-1,0,0,0,-1,0,450,-300,11.88,1
0,0,1,-1,0,0,0,-1,0,450,-300,12.39,1
0,0,1,-1,0,0,0,-1,0,450,-300,12.909,1
0,0,1,-1,0,0,0,-1,0,450,-300,13.437,1
0,0,1,-1,0,0,0,-1,0,450,-300,13.972,1
0,0,1,-1,0,0,0,-1,0,450,-300,14.515,1
0,0,1,-1,0,0,0,-1,0,450,-300,15.066,1
0,0,1,-1,0,0,0,-1,0,450,-300,15.625,1
0,0,1,-1,0,0,0,-1,0,450,-300,16.191,1
0,0,1,-1,0,0,0,-1,0,450,-300,16.765,1
0,0,1,-1,0,0,0,-1,0,450,-300,17.346,1
0,0,1,-1,0,0,0,-1,0,450,-300,17.933,1
